79.200000 0.282906
372.600000 0.378975
664.200000 0.322174
948.600000 0.321288
1233.000000 0.279016
1517.400000 0.299752
1810.800000 0.335792
2046.600000 0.318666
2404.800000 0.363244
2707.200000 0.323356
2998.800000 0.305391
3285.000000 0.283836
3562.200000 0.283786
3864.600000 0.330363
4172.400000 0.334484
4467.600000 0.300003
4766.400000 0.325799
5061.600000 0.324179
5347.800000 0.288746
5635.800000 0.421310
5920.200000 0.307656
6215.400000 0.350358
6528.600000 0.325903
6825.600000 0.314631
7108.200000 0.324329
7392.600000 0.454704
7671.600000 0.305198
7954.200000 0.316001
8247.600000 0.378513
8541.000000 0.317468
8839.800000 0.304708
9142.200000 0.336626
9433.800000 0.435562
9712.800000 0.300477
9999.000000 0.295099
10283.400000 0.341176
10593.000000 0.370315
10895.400000 0.355875
11192.400000 0.302519
11482.200000 0.334191
11782.800000 0.381906
12067.200000 0.275801
12351.600000 0.374675
12646.800000 0.331634
12951.000000 0.379641
13267.800000 0.349392
13563.000000 0.290742
13843.800000 0.329269
14131.800000 0.326496
14425.200000 0.282872
14711.400000 0.302913
15013.800000 0.325483
15312.600000 0.319720
15609.600000 0.299220
15901.200000 0.304238
16183.800000 0.420878
16466.400000 0.412874
16756.200000 0.294800
17060.400000 0.308075
17359.200000 0.320388
17658.000000 0.456731
17947.800000 0.289317
18228.600000 0.344786
18516.600000 0.314852
18797.400000 0.341363
19081.800000 0.312003
19389.600000 0.350501
19695.600000 0.380778
19990.800000 0.278129
20273.400000 0.298001
20556.000000 0.317443
20840.400000 0.301001
21133.800000 0.303294
21425.400000 0.349165
21731.400000 0.313760
22032.000000 0.315156
22321.800000 0.279418
22604.400000 0.301241
22883.400000 0.307707
23166.000000 0.284915
23455.800000 0.321911
23758.200000 0.332412
24055.200000 0.348890
24346.800000 0.284497
24627.600000 0.298696
24915.600000 0.467108
25200.000000 0.308605
25486.200000 0.307566
25781.400000 0.387460
26091.000000 0.366200
26388.000000 0.312789
26672.400000 0.298940
26953.200000 0.334442
27239.400000 0.347786
27538.200000 0.282058
27835.200000 0.393669
28134.000000 0.386691
28432.800000 0.343273
28728.000000 0.295299
29016.000000 0.315223
29295.000000 0.317139
29581.200000 0.414351
29874.600000 0.372422
30184.200000 0.322249
30488.400000 0.340229
30781.800000 0.289272
31066.200000 0.305353
31350.600000 0.319786
31636.800000 0.364445
31930.200000 0.365164
32225.400000 0.377976
32531.400000 0.479975
32837.400000 0.360987
33129.000000 0.375950
33404.400000 0.298954
33692.400000 0.421078
33982.200000 0.328822
34275.600000 0.342810
34576.200000 0.363613
34871.400000 0.325111
35170.200000 0.318646
35456.400000 0.304218
35737.200000 0.332900
36018.000000 0.317505
36311.400000 0.422586
36606.600000 0.344484
36918.000000 0.348244
37216.800000 0.306156
37501.200000 0.288548
37783.800000 0.321718
38073.600000 0.315818
38358.000000 0.295605
38653.200000 0.366255
38952.000000 0.320854
39254.400000 0.334492
39549.600000 0.311513
39826.800000 0.295557
40096.800000 0.297360
40384.800000 0.306078
40680.000000 0.313829
40971.600000 0.314899
41272.200000 0.410245
41569.200000 0.286715
41851.800000 0.300235
42118.200000 0.319438
42417.000000 0.401341
42699.600000 0.423617
42998.400000 0.347755
43308.000000 0.326234
43605.000000 0.324310
43894.800000 0.355791
44173.800000 0.292366
44458.200000 0.354162
44744.400000 0.321011
45032.400000 0.298946
45324.000000 0.310969
45630.000000 0.340767
45927.000000 0.267850
46206.000000 0.300580
46479.600000 0.368947
46762.200000 0.262785
47039.400000 0.310177
47336.400000 0.328281
47633.400000 0.442712
47921.400000 0.375155
48204.000000 0.299649
48488.400000 0.298816
48767.400000 0.314005
49041.000000 0.302458
49325.400000 0.335196
49620.600000 0.342518
49924.800000 0.338857
50216.400000 0.328618
50491.800000 0.280204
50772.600000 0.323305
51057.000000 0.297434
51341.400000 0.337169
51627.600000 0.331690
51922.800000 0.331792
52218.000000 0.316568
52507.800000 0.287017
52786.800000 0.287877
53064.000000 0.302121
53343.000000 0.281180
53632.800000 0.318207
53924.400000 0.327691
54221.400000 0.328374
54509.400000 0.294728
54786.600000 0.315864
55065.600000 0.295715
55344.600000 0.290829
55627.200000 0.411939
55909.800000 0.300791
56208.600000 0.362784
56503.800000 0.328018
56786.400000 0.420554
57056.400000 0.297202
57335.400000 0.335332
57616.200000 0.310846
57902.400000 0.400120
58194.000000 0.340333
58491.000000 0.318381
58789.800000 0.306227
59079.600000 0.286337
59356.800000 0.290710
59634.000000 0.313772
59922.000000 0.289002
60215.400000 0.394183
60517.800000 0.440265
60820.200000 0.316472
61108.200000 0.276792
61392.600000 0.289095
61680.600000 0.302157
61965.000000 0.348792
62249.400000 0.334513
62548.200000 0.368816
62854.200000 0.322361
63156.600000 0.460523
63441.000000 0.269927
63712.800000 0.270631
64000.800000 0.318625
64288.800000 0.277989
64584.000000 0.342655
64877.400000 0.312802
65176.200000 0.285738
65466.000000 0.280390
65752.200000 0.291750
66031.200000 0.450072
66308.400000 0.312484
66605.400000 0.296478
66792.600000 0.337982
67132.800000 0.309112
67435.200000 0.395501
67730.400000 0.330455
68009.400000 0.326276
68304.600000 0.323833
68596.200000 0.328758
68887.800000 0.314075
69192.000000 0.317304
69505.200000 0.390774
69798.600000 0.281102
70075.800000 0.293645
70358.400000 0.299767
70644.600000 0.307978
70943.400000 0.288154
71242.200000 0.326715
71541.000000 0.321266
71847.000000 0.334870
72140.400000 0.273927
72419.400000 0.290635
72705.600000 0.380119
72999.000000 0.291838
73303.200000 0.303039
73612.800000 0.326349
73913.400000 0.414270
74197.800000 0.303446
74485.800000 0.296979
74768.400000 0.301808
74988.000000 0.333296
75333.600000 0.297882
75634.200000 0.292700
75936.600000 0.401010
76235.400000 0.325889
76516.200000 0.275357
76788.000000 0.293058
77076.000000 0.328785
77367.600000 0.404298
77664.600000 0.275009
77956.200000 0.312522
78253.200000 0.327077
78541.200000 0.305135
78825.600000 0.382372
79101.000000 0.305616
79387.200000 0.327127
79691.400000 0.321973
79993.800000 0.297117
80292.600000 0.315380
80584.200000 0.310941
80870.400000 0.273306
81153.000000 0.395459
81441.000000 0.402384
81732.600000 0.357765
82033.200000 0.305384
82337.400000 0.412531
82638.000000 0.315771
82927.800000 0.345927
83210.400000 0.272522
83493.000000 0.306828
83795.400000 0.334038
84105.000000 0.318984
84409.200000 0.307551
84711.600000 0.348234
85012.200000 0.317311
85305.600000 0.312915
85581.000000 0.305016
85872.600000 0.322255
86173.200000 0.302883
86479.200000 0.300902
86781.600000 0.351796
87080.400000 0.462627
87366.600000 0.304430
87652.800000 0.317252
87942.600000 0.342209
88234.200000 0.313015
88533.000000 0.321760
88835.400000 0.326450
89137.800000 0.398871
89422.200000 0.267809
89704.800000 0.296568
89989.200000 0.335838
90288.000000 0.308425
90592.200000 0.306439
90885.600000 0.327683
91191.600000 0.331102
91483.200000 0.344056
91762.200000 0.290855
92048.400000 0.403730
92340.000000 0.319052
92635.200000 0.349716
92946.600000 0.316203
93247.200000 0.317445
93535.200000 0.306928
93825.000000 0.294257
94104.000000 0.299425
94397.400000 0.471733
94694.400000 0.302956
94996.800000 0.390512
95299.200000 0.313306
95608.800000 0.332791
95895.000000 0.285214
96172.200000 0.277792
96453.000000 0.302527
96748.200000 0.420913
97052.400000 0.289754
97349.400000 0.289183
97646.400000 0.307461
97938.000000 0.349610
98229.600000 0.269528
98510.400000 0.286277
98791.200000 0.303092
99086.400000 0.410197
99383.400000 0.280242
99579.600000 0.337982
99932.400000 0.300319
100220.400000 0.330013
100497.600000 0.291532
100783.800000 0.287483
101071.800000 0.333313
101361.600000 0.432831
101655.000000 0.307761
101943.000000 0.332595
102236.400000 0.350829
102519.000000 0.288977
102794.400000 0.309720
103075.200000 0.327589
103372.200000 0.320645
103671.000000 0.315608
103966.200000 0.345165
104263.200000 0.328375
104547.600000 0.381562
104832.000000 0.304465
105120.000000 0.320790
105408.000000 0.330934
105708.600000 0.309268
106016.400000 0.356716
106315.200000 0.377398
106601.400000 0.312631
106884.000000 0.254364
107161.200000 0.287701
107454.600000 0.572337
107751.600000 0.463986
108046.800000 0.305342
108343.800000 0.360636
108646.200000 0.321941
108927.000000 0.297100
109200.600000 0.335025
109486.800000 0.345395
109774.800000 0.397630
110079.000000 0.330699
110376.000000 0.333651
110674.800000 0.338933
110964.600000 0.302477
111245.400000 0.298233
111526.200000 0.338488
111812.400000 0.349815
112109.400000 0.323296
112406.400000 0.324608
112712.400000 0.342697
113002.200000 0.328875
113283.000000 0.292446
113563.800000 0.353337
113851.800000 0.349519
114143.400000 0.476361
114429.600000 0.322070
114717.600000 0.323466
115002.000000 0.378577
115282.800000 0.292112
115549.200000 0.277968
115817.400000 0.282302
116085.600000 0.306236
116371.800000 0.336923
116656.200000 0.308875
116940.600000 0.387061
117216.000000 0.294570
117496.800000 0.285962
117768.600000 0.258373
118045.800000 0.259511
118324.800000 0.321018
118609.200000 0.306238
118913.400000 0.306139
119217.600000 0.300543
119511.000000 0.274017
119793.600000 0.289482
120078.000000 0.255136
120376.800000 0.298938
120677.400000 0.316191
120992.400000 0.329630
121302.000000 0.325965
121606.200000 0.340065
121890.600000 0.297133
122171.400000 0.314491
122463.000000 0.342973
122752.800000 0.287694
123051.600000 0.287814
123361.200000 0.298611
123665.400000 0.277339
123937.200000 0.261361
124223.400000 0.359450
124509.600000 0.284120
124777.800000 0.263827
125062.200000 0.299506
125357.400000 0.312918
125650.800000 0.280089
125928.000000 0.267025
126205.200000 0.281635
126477.000000 0.263010
126748.800000 0.276222
127026.000000 0.280834
127315.800000 0.295012
127605.600000 0.298163
127893.600000 0.435004
128086.200000 0.421379
128424.600000 0.366767
128700.000000 0.377299
128959.200000 0.311057
129232.800000 0.399946
129520.800000 0.343524
129799.800000 0.332588
130059.000000 0.325862
130320.000000 0.340233
130570.200000 0.314967
130820.400000 0.337832
131076.000000 0.334544
131328.000000 0.339744
131585.400000 0.297023
131853.600000 0.588211
132123.600000 0.348097
132382.800000 0.314654
132631.200000 0.277529
132885.000000 0.314074
133133.400000 0.294644
133390.800000 0.285337
133664.400000 0.339337
133934.400000 0.327230
134199.000000 0.302347
134465.400000 0.293341
134739.000000 0.288795
134991.000000 0.293964
135244.800000 0.269036
135505.800000 0.321999
135781.200000 0.309332
136063.800000 0.301136
136351.800000 0.294552
136630.800000 0.372773
136900.800000 0.280980
137172.600000 0.291239
137449.800000 0.256167
137730.600000 0.310918
138009.600000 0.289155
138306.600000 0.270623
138600.000000 0.412710
138889.800000 0.276865
139165.200000 0.256782
139442.400000 0.267827
139721.400000 0.277989
140011.200000 0.255667
140304.600000 0.444052
140599.800000 0.288694
140882.400000 0.277331
141154.200000 0.265525
141426.000000 0.290336
141685.200000 0.415067
141944.400000 0.267576
142209.000000 0.264434
142480.800000 0.315331
142749.000000 0.268278
143011.800000 0.308876
143265.600000 0.253325
143515.800000 0.286472
143767.800000 0.286744
144027.000000 0.270455
144288.000000 0.298540
144559.800000 0.300944
144833.400000 0.320088
145112.400000 0.279391
145382.400000 0.292325
145648.800000 0.280178
145904.400000 0.261052
146172.600000 0.271748
146446.200000 0.305322
146739.600000 0.328212
147015.000000 0.300373
147292.200000 0.358779
147565.800000 0.316623
147834.000000 0.294668
148100.400000 0.305443
148365.000000 0.464319
148638.600000 0.341551
148917.600000 0.323331
149205.600000 0.458824
149490.000000 0.329790
149770.800000 0.316477
150031.800000 0.286920
150305.400000 0.317206
150577.200000 0.304312
150850.800000 0.309528
151124.400000 0.288193
151408.800000 0.297740
151702.200000 0.466098
151975.800000 0.296242
152238.600000 0.301234
152512.200000 0.308024
152782.200000 0.301333
153068.400000 0.288566
153363.600000 0.299439
153646.200000 0.299796
153923.400000 0.301570
154195.200000 0.308104
154472.400000 0.313790
154742.400000 0.279598
155010.600000 0.264697
155293.200000 0.322225
155590.200000 0.370079
155865.600000 0.350682
156133.800000 0.318967
156396.600000 0.321299
156648.600000 0.297314
156907.800000 0.306441
157170.600000 0.356351
157431.600000 0.387001
157696.200000 0.330361
157960.800000 0.307797
158234.400000 0.475413
158491.800000 0.385488
158731.200000 0.292186
158976.000000 0.380819
159226.200000 0.380993
159481.800000 0.362892
159739.200000 0.334762
160002.000000 0.331307
160261.200000 0.363862
160507.800000 0.308345
160756.200000 0.380624
161006.400000 0.320315
161256.600000 0.345662
161501.400000 0.393765
161766.000000 0.307416
162036.000000 0.332709
162309.600000 0.368727
162574.200000 0.307471
162837.000000 0.273341
163094.400000 0.308459
163364.400000 0.398699
163630.800000 0.327631
163900.800000 0.310752
164183.400000 0.360671
164462.400000 0.367048
164732.400000 0.337715
164993.400000 0.295969
165247.200000 0.334161
165501.000000 0.287764
165758.400000 0.279601
166033.800000 0.422002
166302.000000 0.318665
166572.000000 0.285005
166843.800000 0.286753
167113.800000 0.291444
167373.000000 0.281688
167643.000000 0.262398
167913.000000 0.283942
168192.000000 0.297035
168485.400000 0.322867
168786.000000 0.391415
169075.800000 0.282505
169351.200000 0.268738
169630.200000 0.295546
169909.200000 0.480138
170202.600000 0.289163
170496.000000 0.333747
170721.000000 0.290630
171075.600000 0.309117
171372.600000 0.408785
171653.400000 0.339658
171923.400000 0.287016
172200.600000 0.282463
172483.200000 0.388643
172778.400000 0.296107
173068.200000 0.308111
173352.600000 0.411188
173631.600000 0.381633
173908.800000 0.288841
174177.000000 0.291968
174452.400000 0.317206
174738.600000 0.297687
175024.800000 0.331587
175325.400000 0.299770
175609.800000 0.290772
175878.000000 0.278755
176146.200000 0.320907
176428.800000 0.340871
176700.600000 0.464668
176976.000000 0.345141
177249.600000 0.389209
177525.000000 0.312130
177798.600000 0.381455
178061.400000 0.426776
178317.000000 0.331404
178579.800000 0.379481
178842.600000 0.357570
179119.800000 0.326345
179389.800000 0.349757
179663.400000 0.364500
179928.000000 0.308811
180183.600000 0.288059
180444.600000 0.347201
180707.400000 0.335214
180964.800000 0.280671
181238.400000 0.309134
181524.600000 0.363776
181812.600000 0.350779
182086.200000 0.294250
182354.400000 0.462732
182626.200000 0.345406
182898.000000 0.472782
183182.400000 0.314041
183475.800000 0.316972
183780.000000 0.390553
184073.400000 0.455874
184363.200000 0.366606
184651.200000 0.305928
184935.600000 0.316189
185214.600000 0.315982
185511.600000 0.339293
185830.200000 0.330291
186139.800000 0.340951
186429.600000 0.292531
186719.400000 0.299572
187007.400000 0.332132
187291.800000 0.295302
187578.000000 0.495120
187873.200000 0.320629
188181.000000 0.394074
188481.600000 0.317851
188764.200000 0.307386
189045.000000 0.332274
189331.200000 0.293697
189626.400000 0.307475
189930.600000 0.308374
190229.400000 0.306550
190530.000000 0.289720
190821.600000 0.312339
191113.200000 0.283372
191397.600000 0.392599
191676.600000 0.310962
191979.000000 0.321918
192283.200000 0.303749
192576.600000 0.292542
192864.600000 0.261156
193147.200000 0.281645
193424.400000 0.287204
193705.200000 0.313764
193995.000000 0.313972
194283.000000 0.281555
194576.400000 0.336072
194869.800000 0.472115
195157.800000 0.377543
195427.800000 0.378073
195703.200000 0.271336
195980.400000 0.355099
196270.200000 0.359173
196561.800000 0.303486
196848.000000 0.343002
197134.200000 0.379070
197416.800000 0.320174
197686.800000 0.272480
197951.400000 0.318042
198226.800000 0.430539
198505.800000 0.350889
198793.800000 0.328103
199076.400000 0.332862
199355.400000 0.349813
199620.000000 0.308224
199895.400000 0.325845
200163.600000 0.465480
200435.400000 0.510127
200716.200000 0.415881
200995.200000 0.338976
201272.400000 0.323110
201546.000000 0.339788
201808.800000 0.313508
202068.000000 0.304631
202341.600000 0.341015
202615.200000 0.433765
202897.800000 0.323932
203184.000000 0.353248
203470.200000 0.354057
203742.000000 0.315978
204022.800000 0.298365
204301.800000 0.308834
204575.400000 0.469433
204856.200000 0.316508
205160.400000 0.318525
205461.000000 0.341177
205738.200000 0.321426
206017.200000 0.350857
206290.800000 0.289747
206568.000000 0.351257
206845.200000 0.404812
207131.400000 0.282084
207423.000000 0.294354
207725.400000 0.390648
208006.200000 0.331972
208279.800000 0.283589
208549.800000 0.280560
208823.400000 0.307005
209102.400000 0.306978
209394.000000 0.283779
209685.600000 0.296515
209975.400000 0.314894
210258.000000 0.344931
210535.200000 0.284753
210810.600000 0.288113
211087.800000 0.312333
211366.800000 0.275828
211656.600000 0.303299
211953.600000 0.325162
212230.800000 0.297383
212502.600000 0.303217
212779.800000 0.295692
213060.600000 0.299296
213328.800000 0.329354
213607.800000 0.299829
213895.800000 0.298396
214182.000000 0.330045
214466.400000 0.319131
214740.000000 0.253914
215006.400000 0.286342
215281.800000 0.404553
215564.400000 0.302639
215852.400000 0.302477
216142.200000 0.313359
216432.000000 0.313666
216711.000000 0.294148
216991.800000 0.278181
217270.800000 0.277976
217548.000000 0.296703
217825.200000 0.318273
218124.000000 0.290618
218417.400000 0.494292
218705.400000 0.433447
218973.600000 0.283913
219249.000000 0.272483
219529.800000 0.506557
219814.200000 0.307627
220100.400000 0.303840
220393.800000 0.290882
220692.600000 0.388230
220978.800000 0.300961
221254.200000 0.279088
221527.800000 0.290883
221805.000000 0.297357
222084.000000 0.322801
222377.400000 0.314682
222667.200000 0.340006
222953.400000 0.357376
223228.800000 0.329427
223509.600000 0.288924
223785.000000 0.302026
224049.600000 0.288005
224330.400000 0.385593
224623.800000 0.324387
224917.200000 0.325072
225196.200000 0.305248
225475.200000 0.282909
225745.200000 0.392635
226026.000000 0.315286
226297.800000 0.302249
226575.000000 0.464927
226864.800000 0.331454
227145.600000 0.466912
227428.200000 0.406807
227703.600000 0.275256
227977.200000 0.302436
228240.000000 0.297213
228517.200000 0.368666
228808.800000 0.327222
229096.800000 0.319054
229377.600000 0.311484
229662.000000 0.279582
229937.400000 0.298681
230216.400000 0.285465
230486.400000 0.304709
230761.800000 0.297893
231058.800000 0.315971
231359.400000 0.368037
231640.200000 0.284493
231915.600000 0.266792
232191.000000 0.279607
232461.000000 0.303278
232732.800000 0.333494
233017.200000 0.304896
233303.400000 0.302391
233589.600000 0.313957
233877.600000 0.281666
234153.000000 0.286382
234415.800000 0.275844
234685.800000 0.302481
234961.200000 0.301889
235251.000000 0.323260
235548.000000 0.308506
235828.800000 0.300833
236109.600000 0.311563
236392.200000 0.332290
236665.800000 0.432978
236928.600000 0.331700
237207.600000 0.310881
237497.400000 0.305339
237785.400000 0.313385
238071.600000 0.303837
238345.200000 0.283242
238611.600000 0.408576
238885.200000 0.306798
239158.800000 0.367573
239434.200000 0.297915
239718.600000 0.370021
239997.600000 0.527455
240267.600000 0.440058
240543.000000 0.299369
240811.200000 0.456627
241066.800000 0.299650
241320.600000 0.292035
241590.600000 0.395495
241857.000000 0.391592
242116.200000 0.316373
242375.400000 0.300501
242632.800000 0.338438
242881.200000 0.348319
243133.200000 0.293618
243388.800000 0.337503
243644.400000 0.353939
243910.800000 0.322184
244193.400000 0.345163
244463.400000 0.400327
244731.600000 0.341589
244985.400000 0.340474
245248.200000 0.407394
245516.400000 0.333761
245793.600000 0.425136
246067.200000 0.381042
246353.400000 0.316092
246648.600000 0.317261
246936.600000 0.336914
247203.000000 0.385543
247471.200000 0.321392
247743.000000 0.299914
248020.200000 0.345909
248301.000000 0.365927
248589.000000 0.310152
248878.800000 0.320755
249159.600000 0.502653
249435.000000 0.326402
249708.600000 0.295872
249989.400000 0.315375
250275.600000 0.351147
250560.000000 0.427706
250860.600000 0.332340
251161.200000 0.293726
251443.800000 0.315217
251712.000000 0.407059
251994.600000 0.291611
252288.000000 0.329663
252586.800000 0.387741
252869.400000 0.354507
253161.000000 0.334364
253458.000000 0.339464
253742.400000 0.319050
254012.400000 0.328526
254284.200000 0.331337
254586.600000 0.336727
254892.600000 0.393904
255171.600000 0.391198
255454.200000 0.343717
255740.400000 0.408558
256028.400000 0.321003
256296.600000 0.350724
256573.800000 0.335700
256861.800000 0.390039
257158.800000 0.465745
257441.400000 0.314799
257711.400000 0.265550
257967.000000 0.359750
258228.000000 0.335809
258480.000000 0.345407
258739.200000 0.301541
259007.400000 0.459926
259281.000000 0.357727
259542.000000 0.341699
259813.800000 0.307922
260078.400000 0.342845
260335.800000 0.347265
260587.800000 0.305499
260854.200000 0.376440
261133.200000 0.357436
261419.400000 0.366747
261691.200000 0.365655
261970.200000 0.357281
262242.000000 0.359106
262517.400000 0.334454
262791.000000 0.303832
263062.800000 0.372832
263350.800000 0.364801
263642.400000 0.360171
263932.200000 0.317701
264218.400000 0.296474
264501.000000 0.325135
264774.600000 0.432703
265064.400000 0.312171
265356.000000 0.297667
265653.000000 0.391182
265948.200000 0.352822
266239.800000 0.315147
266529.600000 0.275980
266817.600000 0.305152
267100.200000 0.327775
267377.400000 0.292896
267681.600000 0.316325
267980.400000 0.349368
268261.200000 0.332042
268547.400000 0.309541
268824.600000 0.307229
269103.600000 0.303556
269386.200000 0.390186
269670.600000 0.299309
269962.200000 0.433105
270259.200000 0.303713
270552.600000 0.305802
270822.600000 0.302909
271096.200000 0.283077
271371.600000 0.283547
271657.800000 0.338615
271954.800000 0.454229
272246.400000 0.349408
272534.400000 0.297564
272840.400000 0.336626
273124.800000 0.307933
273396.600000 0.311553
273677.400000 0.310054
273969.000000 0.306174
274266.000000 0.345908
274563.000000 0.315143
274854.600000 0.307948
275133.600000 0.343764
275405.400000 0.352718
275673.600000 0.340275
275950.800000 0.301850
276237.000000 0.339253
276517.800000 0.363114
276805.800000 0.430077
277104.600000 0.333903
277389.000000 0.437442
277651.800000 0.376762
277925.400000 0.409816
278213.400000 0.342741
278519.400000 0.325911
278816.400000 0.445449
279100.800000 0.419226
279383.400000 0.361164
279577.800000 0.340892
279919.800000 0.426404
280211.400000 0.464754
280513.800000 0.362177
280816.200000 0.336440
281111.400000 0.390169
281403.000000 0.382945
281683.800000 0.338431
281957.400000 0.322695
282234.600000 0.453971
282515.400000 0.407328
282803.400000 0.393763
283098.600000 0.361148
283390.200000 0.340130
283672.800000 0.378168
283944.600000 0.390770
284218.200000 0.364306
284493.600000 0.415568
284779.800000 0.404812
285075.000000 0.399580
285364.800000 0.404095
285654.600000 0.361061
285937.200000 0.341957
286210.800000 0.367107
286488.000000 0.398914
286765.200000 0.437031
287053.200000 0.344407
287353.800000 0.570207
287658.000000 0.510816
287946.000000 0.358524
288226.800000 0.311465
288507.600000 0.339542
288793.800000 0.470807
289078.200000 0.380036
289375.200000 0.342205
289668.600000 0.355265
289972.800000 0.403787
290259.000000 0.345520
290539.800000 0.298986
290815.200000 0.343039
291110.400000 0.542545
291409.200000 0.510088
291697.200000 0.392529
291992.400000 0.357635
292282.200000 0.381785
292568.400000 0.340411
292845.600000 0.304319
293124.600000 0.329282
293412.600000 0.368806
293715.000000 0.387810
294012.000000 0.342405
294298.200000 0.345850
294582.600000 0.361368
294858.000000 0.447109
295144.200000 0.397310
295423.200000 0.343357
295718.400000 0.359975
296015.400000 0.378276
296321.400000 0.352613
296613.000000 0.321080
296890.200000 0.321791
297171.000000 0.373854
297451.800000 0.458271
297739.800000 0.321521
298035.000000 0.355005
298335.600000 0.399730
298629.000000 0.365747
298922.400000 0.387895
299206.800000 0.329009
299485.800000 0.395315
299757.600000 0.397772
300052.800000 0.366880
300362.400000 0.359678
300663.000000 0.372091
300942.000000 0.375521
301212.000000 0.353963
301496.400000 0.327762
301782.600000 0.352154
302065.200000 0.554049
302349.600000 0.382844
302646.600000 0.353242
302949.000000 0.393319
303242.400000 0.362824
303505.200000 0.450068
303775.200000 0.419853
304066.800000 0.357911
304363.800000 0.399368
304641.000000 0.392176
304925.400000 0.347809
305213.400000 0.392999
305499.600000 0.346599
305710.200000 0.376467
306037.800000 0.375594
306338.400000 0.330198
306642.600000 0.344520
306945.000000 0.538736
307236.600000 0.344392
307515.600000 0.337079
307746.000000 0.302066
308064.600000 0.327797
308350.800000 0.356785
308626.200000 0.362171
308914.200000 0.328711
309218.400000 0.383908
309517.200000 0.435697
309781.800000 0.340850
310053.600000 0.336060
310334.400000 0.301895
310627.800000 0.447214
310915.800000 0.391301
311200.200000 0.400271
311490.000000 0.441497
311785.200000 0.359872
312064.200000 0.345907
312328.800000 0.346771
312606.000000 0.317864
312827.400000 0.447724
313194.600000 0.436438
313509.600000 0.376859
313810.200000 0.386117
314092.800000 0.307895
314375.400000 0.366523
314665.200000 0.360838
314953.200000 0.328447
315246.600000 0.306951
315543.600000 0.336054
315844.200000 0.388360
316137.600000 0.351452
316416.600000 0.315141
316693.800000 0.336840
316981.800000 0.520322
317268.000000 0.358403
317561.400000 0.345783
317786.400000 0.331648
318146.400000 0.367926
318439.800000 0.362397
318731.400000 0.340863
319012.200000 0.303760
319224.600000 0.349010
319588.200000 0.403740
319906.800000 0.395858
320207.400000 0.319556
320495.400000 0.361330
320787.000000 0.358395
321073.200000 0.371977
321373.800000 0.324674
321665.400000 0.335213
321969.600000 0.391504
322277.400000 0.383663
322574.400000 0.322090
322858.800000 0.303173
323139.600000 0.450599
323427.600000 0.358923
323731.800000 0.397467
324046.800000 0.324132
324342.000000 0.495082
324642.600000 0.399967
324930.600000 0.370724
325216.800000 0.328270
325495.800000 0.402933
325783.800000 0.368808
326089.800000 0.453048
326397.600000 0.590732
326700.000000 0.308641
326988.000000 0.327697
327277.800000 0.374596
327567.600000 0.382944
327859.200000 0.463659
328150.800000 0.341432
328453.200000 0.380803
328755.600000 0.385647
329058.000000 0.454107
329340.600000 0.295524
329621.400000 0.314907
329914.800000 0.359418
330219.000000 0.346426
330525.000000 0.316984
330820.200000 0.343874
331126.200000 0.386597
331412.400000 0.336011
331705.800000 0.409225
331990.200000 0.328528
332280.000000 0.377834
332589.600000 0.365263
332899.200000 0.333885
333201.600000 0.304574
333480.600000 0.347168
333770.400000 0.409210
334058.400000 0.328592
334350.000000 0.311516
334645.200000 0.339910
334945.800000 0.365673
335250.000000 0.354738
335545.200000 0.302509
335824.200000 0.289516
336101.400000 0.337754
336387.600000 0.330119
336681.000000 0.373552
336981.600000 0.340338
337282.200000 0.517591
337573.800000 0.327217
337863.600000 0.405003
338148.000000 0.379486
338434.200000 0.348508
338722.200000 0.503104
339026.400000 0.322442
339328.800000 0.334532
339636.600000 0.552906
339928.200000 0.353210
340207.200000 0.451845
340493.400000 0.488521
340781.400000 0.370755
341076.600000 0.376539
341380.800000 0.369010
341685.000000 0.364538
341974.800000 0.335948
342268.200000 0.384299
342549.000000 0.365213
342824.400000 0.327484
343117.800000 0.446937
343411.200000 0.408435
343708.200000 0.385758
343996.200000 0.361971
344280.600000 0.457650
344557.800000 0.314807
344844.000000 0.450281
345130.200000 0.342145
345416.400000 0.347375
345724.200000 0.338992
346019.400000 0.453265
346309.200000 0.392557
346599.000000 0.339867
346806.000000 0.274136
347149.800000 0.362131
347455.800000 0.375045
347760.000000 0.355014
348064.200000 0.334991
348368.400000 0.457743
348660.000000 0.410573
348937.200000 0.338194
349223.400000 0.342621
349504.200000 0.455438
349806.600000 0.373587
350114.400000 0.377457
350411.400000 0.331175
350694.000000 0.312747
350982.000000 0.345284
351266.400000 0.378555
351482.400000 0.352260
351822.600000 0.378624
352117.800000 0.337105
352418.400000 0.393167
352713.600000 0.329803
352989.000000 0.292161
353259.000000 0.325261
353548.800000 0.477791
353833.200000 0.369744
354130.200000 0.377512
354427.200000 0.327289
354718.800000 0.347773
355017.600000 0.392476
355303.800000 0.333971
355581.000000 0.309807
355860.000000 0.354752
356166.000000 0.404886
356464.800000 0.400767
356760.000000 0.346095
357048.000000 0.350751
357328.800000 0.436364
357611.400000 0.416732
357903.000000 0.343217
358187.400000 0.358900
358484.400000 0.449202
358790.400000 0.476910
359087.400000 0.423429
359366.400000 0.326155
359634.600000 0.304954
359904.600000 0.289644
360183.600000 0.325734
360471.600000 0.330763
360765.000000 0.367019
361053.000000 0.371898
361344.600000 0.435417
361627.200000 0.527756
361895.400000 0.359995
362163.600000 0.335792
362453.400000 0.363425
362734.200000 0.417889
363027.600000 0.401466
363321.000000 0.352533
363607.200000 0.354571
363879.000000 0.372386
364159.800000 0.340743
364447.800000 0.323245
364732.200000 0.405326
365023.800000 0.362931
365331.600000 0.396124
365641.200000 0.361280
365914.800000 0.449732
366193.800000 0.375657
366483.600000 0.454131
366778.800000 0.391246
367065.000000 0.364209
367365.600000 0.340835
367675.200000 0.357924
367961.400000 0.389753
368249.400000 0.326127
368532.000000 0.320940
368825.400000 0.375638
369111.600000 0.446190
369412.200000 0.380544
369716.400000 0.329370
370011.600000 0.580416
370281.600000 0.361476
370558.800000 0.348548
370843.200000 0.326628
371133.000000 0.359886
371408.400000 0.447889
371705.400000 0.368687
372007.800000 0.337311
372301.200000 0.465660
372558.600000 0.371512
372835.800000 0.463306
373125.600000 0.333182
373429.800000 0.369749
373714.200000 0.453878
374002.200000 0.375254
374304.600000 0.411894
374596.200000 0.376019
374857.200000 0.413653
375127.200000 0.351531
375413.400000 0.338832
375717.600000 0.398381
376000.200000 0.410964
376290.000000 0.368086
376578.000000 0.330718
376862.400000 0.387339
377082.000000 0.423168
377406.000000 0.363074
377701.200000 0.361837
378007.200000 0.392186
378309.600000 0.401381
378610.200000 0.369244
378887.400000 0.497013
379161.000000 0.410059
379441.800000 0.421884
379733.400000 0.522167
380025.000000 0.362675
380313.000000 0.356761
380611.800000 0.402754
380899.800000 0.382759
381175.200000 0.352289
381454.200000 0.398587
381726.000000 0.507128
382015.800000 0.568143
382309.200000 0.351041
382609.800000 0.529669
382896.000000 0.356565
383185.800000 0.310911
383459.400000 0.347162
383745.600000 0.390936
384028.200000 0.358806
384318.000000 0.407669
384616.800000 0.334550
384917.400000 0.369818
385207.200000 0.359897
385488.000000 0.413500
385770.600000 0.302089
386051.400000 0.335033
386350.200000 0.391272
386650.800000 0.367487
386942.400000 0.336072
387243.000000 0.392326
387534.600000 0.348723
387813.600000 0.319087
388085.400000 0.309972
388375.200000 0.438632
388674.000000 0.407961
388981.800000 0.411673
389278.800000 0.340774
389565.000000 0.348129
389862.000000 0.385796
390151.800000 0.310068
390436.200000 0.305829
390731.400000 0.353632
391041.000000 0.357124
391345.200000 0.489711
391642.200000 0.301804
391924.800000 0.342661
392205.600000 0.369062
392495.400000 0.343241
392781.600000 0.319005
393078.600000 0.367198
393379.200000 0.378413
393676.200000 0.370522
393958.800000 0.323660
394245.000000 0.359751
394520.400000 0.349564
394803.000000 0.327522
395098.200000 0.357520
395402.400000 0.418714
395699.400000 0.356146
395991.000000 0.350612
396270.000000 0.297448
396554.400000 0.399087
396847.800000 0.346874
397135.800000 0.355127
397337.400000 0.338925
397706.400000 0.389746
398008.800000 0.364230
398296.800000 0.307249
398570.400000 0.335270
398854.800000 0.407701
399141.000000 0.357686
399438.000000 0.439833
399731.400000 0.385790
400024.800000 0.395725
400323.600000 0.465643
400600.800000 0.312856
400879.800000 0.330003
401166.000000 0.369945
401454.000000 0.423254
401760.000000 0.442838
402062.400000 0.346134
402363.000000 0.391828
402647.400000 0.417955
402935.400000 0.324193
403218.000000 0.339675
403511.400000 0.381766
403806.600000 0.401022
404101.800000 0.371938
404404.200000 0.358421
404699.400000 0.380383
404982.000000 0.335369
405257.400000 0.323247
405545.400000 0.465257
405837.000000 0.383124
406132.200000 0.342072
406427.400000 0.344160
406717.200000 0.426032
407007.000000 0.384819
407289.600000 0.386775
407561.400000 0.320254
407851.200000 0.430182
408153.600000 0.400981
408454.200000 0.331944
408747.600000 0.343874
409032.000000 0.418350
409316.400000 0.340725
409599.000000 0.313170
409881.600000 0.329474
410178.600000 0.391571
410479.200000 0.377117
410783.400000 0.338161
411073.200000 0.351762
411354.000000 0.499059
411634.800000 0.397440
411917.400000 0.381543
412207.200000 0.358280
412513.200000 0.536315
412819.200000 0.419332
413110.800000 0.418497
413404.200000 0.340328
413694.000000 0.367609
413971.200000 0.364230
414250.200000 0.326567
414541.800000 0.404537
414849.600000 0.410738
415144.800000 0.373659
415432.800000 0.437177
415704.600000 0.333831
415996.200000 0.382446
416277.000000 0.570880
416557.800000 0.321284
416851.200000 0.377367
417153.600000 0.443203
417447.000000 0.381074
417729.600000 0.316114
418008.600000 0.361717
418285.800000 0.423849
418579.200000 0.449535
418867.200000 0.397282
419157.000000 0.446263
419455.800000 0.419315
419747.400000 0.373401
420022.800000 0.324595
420303.600000 0.372512
420584.400000 0.366878
420876.000000 0.371823
421174.800000 0.352886
421475.400000 0.366288
421767.000000 0.469463
421995.600000 0.366502
422321.400000 0.348577
422605.800000 0.372085
422820.000000 0.373875
423165.600000 0.348645
423464.400000 0.329761
423768.600000 0.359731
424065.600000 0.383231
424341.000000 0.325403
424618.200000 0.317081
424895.400000 0.340241
425190.600000 0.463143
425493.000000 0.510896
425790.000000 0.300996
426079.800000 0.341581
426382.200000 0.384293
426663.000000 0.361317
426940.200000 0.309693
427226.400000 0.341748
427525.200000 0.394980
427829.400000 0.384780
428130.000000 0.307489
428414.400000 0.319873
428700.600000 0.384490
428994.000000 0.349476
429278.400000 0.454186
429561.000000 0.334019
429868.800000 0.376471
430167.600000 0.374510
430471.800000 0.327503
430756.200000 0.311842
431037.000000 0.485150
431317.800000 0.370312
431616.600000 0.335270
431911.800000 0.332517
432210.600000 0.479740
432511.200000 0.382611
432801.000000 0.318075
433083.600000 0.361719
433366.200000 0.333174
433650.600000 0.379214
433843.200000 0.373471
434212.200000 0.377532
434514.600000 0.360203
434811.600000 0.397390
435097.800000 0.483037
435371.400000 0.331990
435659.400000 0.371212
435952.800000 0.374116
436150.800000 0.386362
436514.400000 0.438799
436822.200000 0.352808
437119.200000 0.401020
437401.800000 0.363697
437684.400000 0.301431
437967.000000 0.566099
438269.400000 0.407200
438571.800000 0.511132
438867.000000 0.329376
439160.400000 0.348344
439455.600000 0.370740
439741.800000 0.410705
440024.400000 0.337837
440314.200000 0.574211
440623.800000 0.408373
440935.200000 0.371715
441232.200000 0.330676
441520.200000 0.330798
441815.400000 0.404687
442110.600000 0.347093
442407.600000 0.307454
442625.400000 0.319908
442994.400000 0.382963
443305.800000 0.358517
443608.200000 0.305830
443889.000000 0.315120
444177.000000 0.388002
444475.800000 0.368666
444706.200000 0.361294
445062.600000 0.354411
445365.000000 0.407418
445660.200000 0.373170
445950.000000 0.334642
446229.000000 0.306814
446508.000000 0.525460
446801.400000 0.406085
447105.600000 0.507571
447402.600000 0.448389
447696.000000 0.402499
447982.200000 0.394572
448266.600000 0.363725
448549.200000 0.332199
448835.400000 0.487936
449139.600000 0.585957
449443.800000 0.380465
449749.800000 0.383971
450039.600000 0.350575
450327.600000 0.390092
450608.400000 0.379142
450896.400000 0.408565
451195.200000 0.360724
451503.000000 0.413482
451807.200000 0.386348
452102.400000 0.353475
452392.200000 0.339622
452680.200000 0.376487
452961.000000 0.393132
453250.800000 0.550816
453546.000000 0.379777
453853.800000 0.388569
454156.200000 0.411151
454446.000000 0.355241
454653.000000 0.340298
454998.600000 0.385036
455295.600000 0.391410
455589.000000 0.371279
455889.600000 0.377636
456190.200000 0.526335
456489.000000 0.419630
456773.400000 0.348467
457047.000000 0.349225
457335.000000 0.417431
457635.600000 0.476262
457938.000000 0.362857
458170.200000 0.373690
458524.800000 0.413431
458818.200000 0.385913
459104.400000 0.342313
459381.600000 0.356584
459666.000000 0.388990
459968.400000 0.449937
460276.200000 0.362526
460573.200000 0.449970
460859.400000 0.373165
461151.000000 0.381508
461435.400000 0.368381
461723.400000 0.326795
462015.000000 0.352367
462315.600000 0.530069
462623.400000 0.436379
462920.400000 0.324680
463199.400000 0.474494
463482.000000 0.402595
463766.400000 0.451080
464050.800000 0.307097
464362.200000 0.364171
464666.400000 0.503032
464961.600000 0.381508
465258.600000 0.347506
465539.400000 0.305166
465822.000000 0.356233
466106.400000 0.400733
466405.200000 0.352420
466709.400000 0.336134
467011.800000 0.338072
467308.800000 0.373615
467591.400000 0.359866
467879.400000 0.357801
468165.600000 0.341668
468460.800000 0.401382
468763.200000 0.374816
469067.400000 0.391528
469364.400000 0.346475
469661.400000 0.428847
469944.000000 0.358491
470232.000000 0.326944
470532.600000 0.457544
470838.600000 0.420195
471141.000000 0.379664
471445.200000 0.353562
471727.800000 0.328161
472021.200000 0.380735
472305.600000 0.356297
472590.000000 0.331115
472888.800000 0.382983
473203.800000 0.407960
473500.800000 0.395542
473794.200000 0.325682
474075.000000 0.331842
474364.800000 0.412531
474654.600000 0.360471
474944.400000 0.485056
475239.600000 0.368998
475549.200000 0.477436
475853.400000 0.344782
476137.800000 0.311502
476418.600000 0.340367
476706.600000 0.463215
477001.800000 0.366253
477309.600000 0.343594
477606.600000 0.420199
477900.000000 0.406135
478197.000000 0.377851
478483.200000 0.320376
478758.600000 0.317003
479041.200000 0.395492
479334.600000 0.382509
479635.200000 0.357069
479932.200000 0.343086
480220.200000 0.378393
480495.600000 0.396086
480781.800000 0.371314
481059.000000 0.328147
481341.600000 0.370869
481642.200000 0.545678
481942.800000 0.381468
482241.600000 0.335014
482526.000000 0.343227
482803.200000 0.335622
483073.200000 0.296086
483352.200000 0.329067
483636.600000 0.504768
483931.800000 0.448353
484221.600000 0.458559
484507.800000 0.319418
484786.800000 0.346220
485074.800000 0.386070
485353.800000 0.545597
485641.800000 0.327015
485940.600000 0.401056
486255.600000 0.397908
486558.000000 0.381246
486846.000000 0.316647
487130.400000 0.321416
487425.600000 0.438662
487720.800000 0.357935
488019.600000 0.468628
488322.000000 0.359946
488637.000000 0.434622
488932.200000 0.347353
489216.600000 0.290214
489499.200000 0.331654
489790.800000 0.449485
490091.400000 0.413982
490395.600000 0.388385
490696.200000 0.436634
490996.800000 0.455354
491288.400000 0.332121
491571.000000 0.307456
491851.800000 0.331846
492147.000000 0.400005
492445.800000 0.388221
492751.800000 0.330954
493047.000000 0.351533
493342.200000 0.397970
493624.800000 0.345888
493916.400000 0.302944
494200.800000 0.345663
494492.400000 0.403222
494791.200000 0.459044
495086.400000 0.340837
495372.600000 0.361908
495649.800000 0.379757
495927.000000 0.377363
496202.400000 0.374743
496501.200000 0.360504
496713.600000 0.363570
497075.400000 0.435980
497377.800000 0.406440
497665.800000 0.343917
497946.600000 0.354118
498232.800000 0.377873
498519.000000 0.409819
498814.200000 0.381113
499116.600000 0.354979
499419.000000 0.422192
499703.400000 0.406368
499989.600000 0.375634
500270.400000 0.427223
500551.200000 0.360715
500850.000000 0.552327
501147.000000 0.396328
501449.400000 0.379876
501746.400000 0.350164
502041.600000 0.411721
502318.800000 0.389488
502603.200000 0.354372
502889.400000 0.346826
503191.800000 0.419279
503497.800000 0.406737
503794.800000 0.348783
504082.800000 0.409167
504374.400000 0.556905
504657.000000 0.356960
504937.800000 0.405946
505229.400000 0.358871
505530.000000 0.386391
505832.400000 0.427534
506127.600000 0.366747
506399.400000 0.351243
506680.200000 0.363564
506971.800000 0.400605
507258.000000 0.383624
507555.000000 0.331257
507857.400000 0.353575
508161.600000 0.551361
508456.800000 0.363569
508746.600000 0.333923
509020.200000 0.325479
509320.800000 0.421190
509625.000000 0.434359
509925.600000 0.329802
510222.600000 0.381556
510521.400000 0.391084
510805.800000 0.397330
511093.800000 0.316635
511372.800000 0.323522
511660.800000 0.374307
511972.200000 0.426936
512280.000000 0.382922
512569.800000 0.363940
512852.400000 0.337223
513136.800000 0.405188
513426.600000 0.369929
513721.800000 0.459449
514015.200000 0.339406
514319.400000 0.489763
514630.800000 0.400581
514920.600000 0.326554
515196.000000 0.433921
515476.800000 0.448799
515764.800000 0.416748
516067.200000 0.382042
516373.200000 0.343271
516668.400000 0.485680
516972.600000 0.410273
517267.800000 0.376452
517555.800000 0.336154
517833.000000 0.334331
518128.200000 0.594956
518428.800000 0.424319
518734.800000 0.393525
519030.000000 0.410343
519309.000000 0.326370
519595.200000 0.398663
519883.200000 0.354699
520151.400000 0.348408
520464.600000 0.405968
520770.600000 0.412111
520983.000000 0.375686
521343.000000 0.366281
521629.200000 0.306441
521915.400000 0.359776
522210.600000 0.380692
522513.000000 0.360109
522817.200000 0.535902
523117.800000 0.391908
523418.400000 0.364086
523710.000000 0.389787
523999.800000 0.374732
524280.600000 0.336891
524579.400000 0.445987
524892.600000 0.436134
525200.400000 0.381277
525493.800000 0.326385
525781.800000 0.405278
526066.200000 0.440372
526357.800000 0.340583
526647.600000 0.343403
526942.800000 0.361959
527245.200000 0.399806
527551.200000 0.368695
527839.200000 0.314502
528120.000000 0.345548
528404.400000 0.387572
528690.600000 0.378369
528993.000000 0.331650
529295.400000 0.363561
529601.400000 0.470039
529898.400000 0.362544
530191.800000 0.314311
530472.600000 0.345352
530764.200000 0.483573
531059.400000 0.412725
531360.000000 0.377388
531669.600000 0.339070
531968.400000 0.363430
532258.200000 0.362301
532546.200000 0.338281
532828.800000 0.438784
533124.000000 0.388677
533417.400000 0.388402
533721.600000 0.404566
534015.000000 0.537131
534308.400000 0.378787
534594.600000 0.442263
534875.400000 0.503439
535163.400000 0.392753
535460.400000 0.376518
535770.000000 0.431350
536068.800000 0.416868
536365.800000 0.365984
536646.600000 0.348869
536932.800000 0.386245
537213.600000 0.411408
537507.000000 0.380519
537811.200000 0.463978
538117.200000 0.549790
538423.200000 0.405285
538709.400000 0.428375
538995.600000 0.369118
539280.000000 0.337820
539577.000000 0.565930
539875.800000 0.494592
540172.800000 0.328868
540473.400000 0.373375
540770.400000 0.434761
541053.000000 0.367629
541335.600000 0.350497
541618.200000 0.321432
541917.000000 0.447875
542228.400000 0.440203
542530.800000 0.439832
542827.800000 0.325806
543117.600000 0.383512
543409.200000 0.401456
543690.000000 0.393579
543985.200000 0.374886
544287.600000 0.357614
544591.800000 0.405165
544897.800000 0.399368
545184.000000 0.354825
545457.600000 0.333828
545743.800000 0.357721
546024.600000 0.398150
546309.000000 0.375563
546600.600000 0.369999
546814.800000 0.583254
547201.800000 0.405210
547484.400000 0.437452
547759.800000 0.302466
548033.400000 0.348598
548335.800000 0.476433
548634.600000 0.381295
548928.000000 0.354152
549219.600000 0.391891
549504.000000 0.371633
549786.600000 0.377597
550071.000000 0.350685
550350.000000 0.320871
550641.600000 0.574437
550954.800000 0.400428
551255.400000 0.393102
551534.400000 0.331063
551817.000000 0.394287
552097.800000 0.406892
552387.600000 0.389793
552681.000000 0.442817
552976.200000 0.362351
553284.000000 0.440180
553590.000000 0.399303
553878.000000 0.326354
554157.000000 0.345802
554441.400000 0.385315
554725.800000 0.388870
555028.200000 0.383847
555325.200000 0.373628
555615.000000 0.375726
555915.600000 0.477686
556205.400000 0.476490
556488.000000 0.323705
556767.000000 0.332502
557056.800000 0.360124
557362.800000 0.427979
557668.800000 0.410581
557964.000000 0.348634
558239.400000 0.336139
558529.200000 0.548417
558815.400000 0.391484
559105.200000 0.394065
559396.800000 0.348096
559697.400000 0.356644
559999.800000 0.410339
560296.800000 0.506915
560577.600000 0.346711
560847.600000 0.383547
561142.800000 0.417428
561436.200000 0.400137
561733.200000 0.416752
562021.200000 0.324723
562311.000000 0.401543
562593.600000 0.381458
562813.200000 0.375453
563142.600000 0.463422
563425.200000 0.386494
563733.000000 0.437644
564031.800000 0.379508
564321.600000 0.320145
564602.400000 0.527376
564885.000000 0.376920
565165.800000 0.370261
565453.800000 0.338257
565741.800000 0.367438
566042.400000 0.407337
566262.000000 0.402852
566616.600000 0.343990
566901.000000 0.316573
567187.200000 0.382862
567381.600000 0.511032
567723.600000 0.387640
568027.800000 0.352065
568328.400000 0.383503
568625.400000 0.424109
568920.600000 0.603441
569206.800000 0.354100
569484.000000 0.320980
569764.800000 0.393900
570060.000000 0.398722
570367.800000 0.386862
570670.200000 0.337412
570958.200000 0.355707
571248.000000 0.384411
571539.600000 0.482095
571833.000000 0.358647
572124.600000 0.348303
572428.800000 0.418643
572733.000000 0.414672
573042.600000 0.346754
573330.600000 0.347033
573609.600000 0.361195
573895.800000 0.468396
574194.600000 0.371148
574432.200000 0.403366
574786.800000 0.379015
575096.400000 0.416817
575388.000000 0.408719
575679.600000 0.347123
575960.400000 0.371966
576250.200000 0.418609
576552.600000 0.410935
576864.000000 0.371077
577164.600000 0.363887
577458.000000 0.368491
577742.400000 0.392768
578026.800000 0.387246
578313.000000 0.371474
578601.000000 0.441176
578903.400000 0.418434
579205.800000 0.414557
579448.800000 0.363139
579792.600000 0.354842
580075.200000 0.557586
580359.600000 0.360975
580649.400000 0.360687
580950.000000 0.445861
581247.000000 0.373732
581544.000000 0.404277
581835.600000 0.538034
582121.800000 0.343626
582397.200000 0.327008
582670.800000 0.361548
582921.000000 0.479272
583241.400000 0.380350
583540.200000 0.319543
583822.800000 0.294677
584100.000000 0.254435
584364.600000 0.238945
584636.400000 0.261715
584904.600000 0.280341
585176.400000 0.311644
585457.200000 0.308264
585732.600000 0.328186
586013.400000 0.303950
586278.000000 0.280750
586526.400000 0.283932
586773.000000 0.289922
587032.200000 0.303497
587300.400000 0.344107
587574.000000 0.309514
587844.000000 0.310016
588114.000000 0.515930
588378.600000 0.301151
588645.000000 0.431427
588907.800000 0.299355
589177.800000 0.377680
589455.000000 0.302725
589748.400000 0.318849
590041.800000 0.340157
590319.000000 0.300734
590589.000000 0.301935
590864.400000 0.304307
591145.200000 0.291853
591418.800000 0.443336
591708.600000 0.337762
592000.200000 0.490191
592290.000000 0.349446
592572.600000 0.294727
592855.200000 0.321122
593069.400000 0.280497
593388.000000 0.300612
593685.000000 0.369135
593992.800000 0.299657
594280.800000 0.509856
594565.200000 0.311206
594856.800000 0.382956
595128.600000 0.379247
595404.000000 0.322600
595692.000000 0.347257
595994.400000 0.393436
596280.600000 0.365245
596584.800000 0.328024
596881.800000 0.371199
597137.400000 0.318418
597403.800000 0.312275
597672.000000 0.349579
597927.600000 0.334032
598186.800000 0.355371
598460.400000 0.399577
598714.200000 0.429211
598969.800000 0.356496
599223.600000 0.306600
599470.200000 0.354982
599706.000000 0.351285
599954.400000 0.439932
600215.400000 0.369813
600485.400000 0.365755
600741.000000 0.378872
601012.800000 0.385450
601273.800000 0.331663
601538.400000 0.339158
601801.200000 0.382120
602065.800000 0.320492
602332.200000 0.355291
602611.200000 0.518479
602895.600000 0.310466
603180.000000 0.318676
603457.200000 0.346504
603723.600000 0.428336
603990.000000 0.341985
604278.000000 0.353143
604566.000000 0.443640
604846.800000 0.571246
605151.000000 0.370031
605460.600000 0.417314
605737.800000 0.371933
606009.600000 0.363117
606295.800000 0.330637
606589.200000 0.508536
606882.600000 0.409537
607179.600000 0.440089
607476.600000 0.346147
607768.200000 0.521414
608045.400000 0.299942
608310.000000 0.283343
608578.200000 0.309583
608855.400000 0.490070
609138.000000 0.336807
609427.800000 0.340052
609717.600000 0.324691
609989.400000 0.299633
610263.000000 0.375344
610545.600000 0.359536
610824.600000 0.391244
611110.800000 0.479248
611400.600000 0.390778
611697.600000 0.380823
611987.400000 0.349524
612264.600000 0.354333
612541.800000 0.420109
612820.800000 0.362757
613110.600000 0.384839
613402.200000 0.439947
613695.600000 0.417221
613985.400000 0.481611
614260.800000 0.352728
614541.600000 0.388082
614817.000000 0.440046
615090.600000 0.351038
615373.200000 0.376102
615677.400000 0.451753
615970.800000 0.393730
616251.600000 0.343759
616528.800000 0.422290
616804.200000 0.378655
617086.800000 0.480495
617367.600000 0.350640
617657.400000 0.396295
617950.800000 0.404426
618249.600000 0.365140
618530.400000 0.358477
618805.800000 0.380234
619083.000000 0.374879
619363.800000 0.361784
619655.400000 0.473107
619952.400000 0.371576
620251.200000 0.472240
620542.800000 0.366311
620827.200000 0.394039
621104.400000 0.365857
621381.600000 0.357557
621662.400000 0.365793
621945.000000 0.356759
622249.200000 0.408089
622542.600000 0.404682
622825.200000 0.383802
623089.800000 0.413065
623368.800000 0.397304
623640.600000 0.374066
623919.600000 0.347999
624193.200000 0.488113
624483.000000 0.387109
624767.400000 0.423283
625050.000000 0.536052
625311.000000 0.338703
625581.000000 0.379316
625854.600000 0.487982
626140.800000 0.376624
626428.800000 0.362668
626716.800000 0.441266
627001.200000 0.392060
627282.000000 0.387287
627557.400000 0.331766
627829.200000 0.389547
628104.600000 0.369622
628392.600000 0.432437
628689.600000 0.370637
628983.000000 0.363602
629172.000000 0.377813
629496.000000 0.529843
629762.400000 0.367954
630028.800000 0.460978
630291.600000 0.316386
630563.400000 0.424305
630838.800000 0.493652
631112.400000 0.337755
631378.800000 0.336866
631638.000000 0.319834
631900.800000 0.470078
632158.200000 0.392850
632415.600000 0.364990
632689.200000 0.392188
632961.000000 0.404607
633231.000000 0.473246
633499.200000 0.492208
633769.200000 0.365402
634030.200000 0.348233
634285.800000 0.291437
634546.800000 0.447173
634827.600000 0.357702
635108.400000 0.403958
635396.400000 0.355243
635686.200000 0.358973
635967.000000 0.350152
636240.600000 0.405439
636521.400000 0.330383
636813.000000 0.331788
637106.400000 0.561714
637401.600000 0.352936
637705.800000 0.324905
637999.200000 0.341481
638283.600000 0.434804
638562.600000 0.348655
638848.800000 0.319076
639142.200000 0.356688
639448.200000 0.359768
639745.200000 0.358174
640040.400000 0.315142
640330.200000 0.426112
640616.400000 0.362374
640902.600000 0.420116
641179.800000 0.317063
641482.200000 0.426756
641779.200000 0.371185
642067.200000 0.343018
642339.000000 0.333695
642616.200000 0.356746
642889.800000 0.461374
643165.200000 0.357029
643440.600000 0.426747
643723.200000 0.394190
644007.600000 0.370657
644288.400000 0.295707
644549.400000 0.442667
644808.600000 0.336027
645064.200000 0.309536
645321.600000 0.282106
645582.600000 0.339336
645865.200000 0.348938
646133.400000 0.318162
646394.400000 0.348057
646660.800000 0.420588
646918.200000 0.575075
647170.200000 0.307714
647416.800000 0.301618
647674.200000 0.329543
647937.000000 0.377935
648205.200000 0.358754
648478.800000 0.422378
648734.400000 0.340296
648979.200000 0.288538
649233.000000 0.302899
649486.800000 0.324520
649735.200000 0.307406
649992.600000 0.541537
