78.000000 0.316309
371.000000 0.420538
664.000000 0.355345
948.000000 0.357717
1232.000000 0.311069
1516.000000 0.335505
1810.000000 0.370506
2045.000000 0.353109
2403.000000 0.398655
2707.000000 0.359683
2999.000000 0.338125
3284.000000 0.317515
3561.000000 0.318334
3863.000000 0.364225
4171.000000 0.372688
4467.000000 0.332411
4765.000000 0.359017
5061.000000 0.359101
5347.000000 0.318944
5634.000000 0.462788
5919.000000 0.341930
6215.000000 0.387425
6528.000000 0.360890
6824.000000 0.352903
7107.000000 0.361080
7392.000000 0.494810
7671.000000 0.340311
7954.000000 0.351671
8246.000000 0.415721
8540.000000 0.352854
8838.000000 0.342417
9142.000000 0.376955
9432.000000 0.478123
9711.000000 0.337982
9999.000000 0.335591
10283.000000 0.378941
10592.000000 0.411279
10895.000000 0.396224
11192.000000 0.336630
11481.000000 0.369481
11782.000000 0.421067
12067.000000 0.307671
12351.000000 0.412913
12646.000000 0.365812
12950.000000 0.416865
13267.000000 0.389890
13563.000000 0.326567
13843.000000 0.369313
14132.000000 0.363637
14424.000000 0.315337
14712.000000 0.340946
15012.000000 0.364673
15311.000000 0.357795
15608.000000 0.335128
15900.000000 0.336346
16184.000000 0.466253
16465.000000 0.452930
16756.000000 0.333382
17059.000000 0.346004
17359.000000 0.359892
17658.000000 0.499490
17948.000000 0.324417
18228.000000 0.380893
18515.000000 0.352801
18796.000000 0.376144
19081.000000 0.346604
19389.000000 0.389642
19694.000000 0.422423
19990.000000 0.310913
20272.000000 0.331396
20555.000000 0.351909
20839.000000 0.338357
21132.000000 0.339302
21424.000000 0.388644
21730.000000 0.350322
22030.000000 0.351076
22322.000000 0.316561
22604.000000 0.335153
22882.000000 0.342396
23165.000000 0.317711
23455.000000 0.355467
23757.000000 0.366975
24054.000000 0.388830
24346.000000 0.316914
24626.000000 0.332251
24914.000000 0.512762
25198.000000 0.343698
25486.000000 0.343733
25781.000000 0.426376
26089.000000 0.409200
26388.000000 0.346714
26671.000000 0.330528
26953.000000 0.371241
27238.000000 0.387806
27537.000000 0.314395
27834.000000 0.436015
28133.000000 0.427822
28432.000000 0.381292
28728.000000 0.330709
29015.000000 0.352960
29295.000000 0.353823
29581.000000 0.459051
29874.000000 0.412125
30183.000000 0.358319
30488.000000 0.376645
30780.000000 0.322373
31066.000000 0.341116
31349.000000 0.354348
31637.000000 0.405074
31928.000000 0.405928
32225.000000 0.417367
32530.000000 0.521173
32837.000000 0.402989
33128.000000 0.416469
33404.000000 0.336103
33692.000000 0.462791
33981.000000 0.365727
34275.000000 0.379034
34576.000000 0.404638
34871.000000 0.361334
35169.000000 0.354966
35456.000000 0.339313
35737.000000 0.372356
36017.000000 0.351587
36310.000000 0.462505
36606.000000 0.381371
36917.000000 0.386644
37216.000000 0.340222
37501.000000 0.321160
37783.000000 0.357434
38072.000000 0.352677
38357.000000 0.329370
38652.000000 0.404332
38951.000000 0.354542
39253.000000 0.373835
39548.000000 0.345320
39826.000000 0.332250
40097.000000 0.335249
40383.000000 0.344616
40678.000000 0.349389
40971.000000 0.348589
41272.000000 0.453465
41568.000000 0.321106
41850.000000 0.334118
42118.000000 0.354707
42417.000000 0.441657
42698.000000 0.462522
42997.000000 0.388435
43308.000000 0.367144
43605.000000 0.359948
43893.000000 0.394976
44173.000000 0.326497
44457.000000 0.394682
44744.000000 0.357257
45031.000000 0.336588
45324.000000 0.349595
45629.000000 0.377199
45926.000000 0.301091
46205.000000 0.337896
46480.000000 0.407891
46761.000000 0.296541
47038.000000 0.348620
47335.000000 0.363568
47633.000000 0.479536
47920.000000 0.412186
48203.000000 0.332393
48487.000000 0.338626
48767.000000 0.348303
49041.000000 0.339712
49324.000000 0.374798
49619.000000 0.380677
49924.000000 0.373812
50215.000000 0.368571
50492.000000 0.316945
50772.000000 0.357583
51057.000000 0.332723
51340.000000 0.375725
51627.000000 0.369121
51922.000000 0.366083
52217.000000 0.351640
52507.000000 0.319540
52785.000000 0.325632
53064.000000 0.336607
53342.000000 0.313636
53632.000000 0.354285
53924.000000 0.360605
54220.000000 0.361910
54509.000000 0.325053
54785.000000 0.352334
55065.000000 0.329518
55344.000000 0.323352
55626.000000 0.451782
55909.000000 0.334848
56208.000000 0.398570
56503.000000 0.362824
56786.000000 0.458025
57056.000000 0.331383
57334.000000 0.371830
57616.000000 0.352124
57901.000000 0.439616
58193.000000 0.375522
58491.000000 0.354285
58789.000000 0.337644
59078.000000 0.322820
59355.000000 0.327057
59633.000000 0.347049
59921.000000 0.323875
60215.000000 0.433027
60516.000000 0.481210
60818.000000 0.351652
61107.000000 0.310261
61392.000000 0.321294
61681.000000 0.339559
61964.000000 0.384750
62248.000000 0.370471
62548.000000 0.407230
62853.000000 0.360125
63155.000000 0.504638
63440.000000 0.302617
63712.000000 0.302206
63999.000000 0.355138
64289.000000 0.312486
64582.000000 0.383166
64877.000000 0.346274
65175.000000 0.317842
65465.000000 0.312854
65751.000000 0.328594
66031.000000 0.492235
66308.000000 0.347155
66605.000000 0.330061
66792.000000 0.369777
67131.000000 0.345856
67435.000000 0.434929
67729.000000 0.366674
68008.000000 0.358646
68303.000000 0.360994
68595.000000 0.363940
68887.000000 0.349398
69192.000000 0.350621
69505.000000 0.429251
69797.000000 0.314220
70074.000000 0.328945
70358.000000 0.334548
70644.000000 0.340153
70942.000000 0.320756
71241.000000 0.364105
71541.000000 0.355168
71847.000000 0.371922
72139.000000 0.308487
72418.000000 0.325853
72704.000000 0.422822
72999.000000 0.328428
73302.000000 0.335948
73613.000000 0.363284
73913.000000 0.455906
74197.000000 0.336904
74484.000000 0.330478
74768.000000 0.336265
74987.000000 0.367540
75333.000000 0.333134
75633.000000 0.326415
75935.000000 0.439339
76234.000000 0.360108
76516.000000 0.310496
76786.000000 0.327599
77075.000000 0.363367
77367.000000 0.443823
77665.000000 0.307948
77955.000000 0.349350
78252.000000 0.361405
78540.000000 0.340126
78825.000000 0.423265
79101.000000 0.339243
79387.000000 0.362662
79690.000000 0.358546
79992.000000 0.330202
80291.000000 0.350739
80584.000000 0.345593
80870.000000 0.303162
81153.000000 0.438209
81440.000000 0.442917
81731.000000 0.395886
82031.000000 0.342156
82336.000000 0.454667
82638.000000 0.349433
82928.000000 0.386647
83210.000000 0.306014
83493.000000 0.344355
83795.000000 0.371184
84105.000000 0.355430
84408.000000 0.341390
84710.000000 0.388267
85011.000000 0.353297
85304.000000 0.353526
85581.000000 0.339318
85871.000000 0.359054
86173.000000 0.335154
86479.000000 0.335762
86781.000000 0.388640
87080.000000 0.506162
87365.000000 0.337326
87653.000000 0.356960
87942.000000 0.378256
88233.000000 0.349151
88531.000000 0.360632
88835.000000 0.365933
89136.000000 0.438218
89422.000000 0.301710
89705.000000 0.330740
89989.000000 0.374533
90287.000000 0.343157
90591.000000 0.341272
90886.000000 0.366131
91191.000000 0.364962
91482.000000 0.381728
91762.000000 0.324723
92048.000000 0.442208
92339.000000 0.355705
92634.000000 0.387063
92946.000000 0.350338
93247.000000 0.355639
93535.000000 0.341557
93825.000000 0.333572
94104.000000 0.332831
94396.000000 0.515282
94694.000000 0.335731
94997.000000 0.431148
95299.000000 0.350065
95607.000000 0.370678
95894.000000 0.317584
96172.000000 0.311301
96451.000000 0.336231
96747.000000 0.460194
97051.000000 0.323515
97349.000000 0.322314
97646.000000 0.343896
97937.000000 0.385687
98229.000000 0.302079
98509.000000 0.321946
98790.000000 0.336032
99085.000000 0.450667
99383.000000 0.318083
99580.000000 0.368138
99931.000000 0.334880
100219.000000 0.368459
100497.000000 0.326413
100782.000000 0.321159
101072.000000 0.373480
101362.000000 0.474524
101654.000000 0.339507
101942.000000 0.367101
102235.000000 0.385379
102518.000000 0.323706
102794.000000 0.347677
103075.000000 0.361399
103372.000000 0.355560
103670.000000 0.349145
103965.000000 0.386124
104262.000000 0.363100
104546.000000 0.419258
104831.000000 0.340184
105119.000000 0.355909
105408.000000 0.369218
105708.000000 0.345618
106016.000000 0.397140
106315.000000 0.420491
106601.000000 0.344976
106883.000000 0.281602
107160.000000 0.317221
107455.000000 0.620094
107752.000000 0.506641
108046.000000 0.337584
108343.000000 0.399288
108645.000000 0.357937
108927.000000 0.331308
109200.000000 0.371993
109487.000000 0.382400
109773.000000 0.442005
110077.000000 0.370175
110375.000000 0.369019
110674.000000 0.375977
110964.000000 0.339934
111245.000000 0.331297
111525.000000 0.374980
111811.000000 0.385165
112109.000000 0.358485
112406.000000 0.360166
112711.000000 0.377469
113001.000000 0.363206
113282.000000 0.326531
113563.000000 0.391830
113851.000000 0.387655
114143.000000 0.520837
114429.000000 0.357082
114717.000000 0.360412
115001.000000 0.417454
115281.000000 0.332359
115548.000000 0.312781
115816.000000 0.319609
116085.000000 0.340860
116370.000000 0.375946
116655.000000 0.344049
116940.000000 0.425624
117214.000000 0.332819
117495.000000 0.325134
117767.000000 0.294175
118045.000000 0.290869
118324.000000 0.357772
118608.000000 0.346000
118912.000000 0.339901
119217.000000 0.337390
119511.000000 0.306756
119793.000000 0.324776
120078.000000 0.289195
120377.000000 0.335427
120677.000000 0.352451
120992.000000 0.366578
121301.000000 0.363312
121605.000000 0.378758
121890.000000 0.332999
122171.000000 0.351572
122462.000000 0.383422
122751.000000 0.322363
123051.000000 0.323518
123361.000000 0.332083
123665.000000 0.309620
123937.000000 0.295664
124222.000000 0.401198
124508.000000 0.322512
124777.000000 0.296441
125061.000000 0.334961
125356.000000 0.353595
125649.000000 0.313963
125927.000000 0.301311
126204.000000 0.314303
126477.000000 0.300571
126747.000000 0.311021
127026.000000 0.316081
127314.000000 0.332064
127604.000000 0.332102
127893.000000 0.481531
128085.000000 0.454427
128424.000000 0.405788
128699.000000 0.419114
128959.000000 0.351896
129231.000000 0.439256
129520.000000 0.379090
129799.000000 0.369105
130058.000000 0.365044
130319.000000 0.377755
130569.000000 0.353265
130819.000000 0.376130
131074.000000 0.374324
131327.000000 0.379561
131585.000000 0.335156
131852.000000 0.632686
132123.000000 0.385002
132382.000000 0.349956
132630.000000 0.311961
132884.000000 0.349716
133133.000000 0.328273
133391.000000 0.320920
133663.000000 0.378585
133934.000000 0.365653
134198.000000 0.339890
134465.000000 0.326103
134738.000000 0.321521
134991.000000 0.329180
135244.000000 0.302865
135505.000000 0.361340
135781.000000 0.348262
136062.000000 0.340646
136351.000000 0.326496
136631.000000 0.417392
136900.000000 0.314620
137171.000000 0.326101
137450.000000 0.290652
137730.000000 0.346258
138009.000000 0.322397
138305.000000 0.307097
138600.000000 0.451078
138889.000000 0.310457
139165.000000 0.286708
139441.000000 0.302779
139720.000000 0.313113
140011.000000 0.287531
140303.000000 0.488609
140600.000000 0.327297
140882.000000 0.313624
141153.000000 0.300778
141424.000000 0.330677
141685.000000 0.454889
141944.000000 0.304728
142208.000000 0.295135
142480.000000 0.353001
142748.000000 0.301965
143011.000000 0.345886
143266.000000 0.286695
143516.000000 0.320145
143767.000000 0.322330
144026.000000 0.307537
144287.000000 0.338847
144559.000000 0.334690
144833.000000 0.361250
145112.000000 0.315727
145382.000000 0.328719
145648.000000 0.314332
145904.000000 0.289164
146171.000000 0.310161
146446.000000 0.343578
146738.000000 0.370533
147014.000000 0.334815
147291.000000 0.400468
147566.000000 0.355163
147834.000000 0.327867
148100.000000 0.342436
148365.000000 0.506799
148638.000000 0.381859
148917.000000 0.361077
149205.000000 0.503483
149489.000000 0.369244
149770.000000 0.352355
150031.000000 0.323642
150304.000000 0.356162
150576.000000 0.339687
150850.000000 0.347930
151123.000000 0.324042
151408.000000 0.330900
151701.000000 0.510705
151975.000000 0.332432
152238.000000 0.335972
152512.000000 0.343294
152782.000000 0.339226
153068.000000 0.324270
153363.000000 0.335578
153645.000000 0.336849
153923.000000 0.343469
154194.000000 0.348528
154471.000000 0.349427
154742.000000 0.314273
155010.000000 0.296980
155292.000000 0.360456
155589.000000 0.411663
155865.000000 0.394550
156133.000000 0.357987
156396.000000 0.356571
156649.000000 0.335457
156907.000000 0.344733
157169.000000 0.399334
157431.000000 0.428785
157696.000000 0.371776
157961.000000 0.347105
158234.000000 0.520369
158490.000000 0.429907
158730.000000 0.323462
158975.000000 0.422278
159226.000000 0.423880
159480.000000 0.404180
159739.000000 0.371453
160002.000000 0.375232
160261.000000 0.406415
160508.000000 0.345050
160756.000000 0.421649
161006.000000 0.359438
161255.000000 0.389615
161500.000000 0.432796
161765.000000 0.343363
162036.000000 0.372936
162309.000000 0.410469
162574.000000 0.349562
162836.000000 0.305224
163094.000000 0.345616
163363.000000 0.443510
163630.000000 0.364988
163900.000000 0.347436
164182.000000 0.396265
164462.000000 0.406008
164732.000000 0.377667
164992.000000 0.330437
165247.000000 0.373143
165500.000000 0.325796
165757.000000 0.315270
166033.000000 0.462082
166302.000000 0.357177
166571.000000 0.318652
166843.000000 0.320871
167112.000000 0.328345
167372.000000 0.314864
167642.000000 0.295095
167913.000000 0.319358
168192.000000 0.329934
168485.000000 0.360778
168785.000000 0.431792
169075.000000 0.317260
169350.000000 0.300314
169630.000000 0.334949
169908.000000 0.526982
170202.000000 0.326113
170496.000000 0.370082
170720.000000 0.327325
171075.000000 0.342467
171373.000000 0.448956
171653.000000 0.374617
171922.000000 0.324149
172200.000000 0.316866
172482.000000 0.429502
172777.000000 0.332729
173068.000000 0.346008
173352.000000 0.451838
173630.000000 0.427590
173908.000000 0.324178
174177.000000 0.328004
174452.000000 0.355578
174738.000000 0.333140
175024.000000 0.366703
175324.000000 0.337480
175610.000000 0.327876
175878.000000 0.316752
176146.000000 0.359187
176428.000000 0.380146
176699.000000 0.507119
176976.000000 0.391097
177249.000000 0.431929
177524.000000 0.348418
177798.000000 0.421739
178060.000000 0.469671
178317.000000 0.372107
178579.000000 0.421932
178842.000000 0.398091
179118.000000 0.364598
179389.000000 0.388593
179663.000000 0.402878
179928.000000 0.347197
180183.000000 0.323334
180445.000000 0.388625
180706.000000 0.373735
180965.000000 0.316504
181237.000000 0.342972
181524.000000 0.403618
181812.000000 0.387585
182086.000000 0.325571
182354.000000 0.511616
182625.000000 0.388863
182897.000000 0.518099
183182.000000 0.348778
183476.000000 0.357588
183779.000000 0.430553
184072.000000 0.496400
184362.000000 0.407659
184650.000000 0.340493
184934.000000 0.351460
185214.000000 0.351479
185511.000000 0.378576
185829.000000 0.368939
186138.000000 0.381183
186429.000000 0.327478
186718.000000 0.335567
187006.000000 0.374054
187292.000000 0.330737
187578.000000 0.537686
187873.000000 0.355014
188180.000000 0.438241
188482.000000 0.359896
188764.000000 0.350307
189044.000000 0.370148
189331.000000 0.328918
189625.000000 0.341859
189930.000000 0.347276
190229.000000 0.344297
190530.000000 0.323703
190821.000000 0.351363
191113.000000 0.320066
191396.000000 0.439650
191675.000000 0.355860
191978.000000 0.360846
192282.000000 0.335767
192576.000000 0.327228
192863.000000 0.296876
193147.000000 0.316095
193424.000000 0.321434
193704.000000 0.352618
193995.000000 0.352189
194282.000000 0.316974
194575.000000 0.372423
194869.000000 0.517633
195157.000000 0.417298
195427.000000 0.416423
195702.000000 0.304492
195979.000000 0.390739
196270.000000 0.396547
196561.000000 0.336287
196848.000000 0.387451
197133.000000 0.419211
197415.000000 0.359014
197686.000000 0.303176
197951.000000 0.354457
198225.000000 0.477828
198505.000000 0.386650
198792.000000 0.365571
199076.000000 0.372342
199354.000000 0.390044
199620.000000 0.345021
199895.000000 0.365875
200162.000000 0.510090
200435.000000 0.556668
200715.000000 0.457554
200994.000000 0.378668
201272.000000 0.362269
201546.000000 0.381302
201807.000000 0.352611
202068.000000 0.341800
202340.000000 0.383530
202615.000000 0.476889
202897.000000 0.360543
203183.000000 0.392904
203469.000000 0.391907
203742.000000 0.356931
204022.000000 0.334061
204300.000000 0.347893
204575.000000 0.513270
204855.000000 0.354195
205159.000000 0.353215
205460.000000 0.382669
205738.000000 0.358475
206017.000000 0.393252
206289.000000 0.325373
206568.000000 0.390831
206845.000000 0.447901
207131.000000 0.315843
207422.000000 0.330381
207725.000000 0.432402
208005.000000 0.368731
208279.000000 0.318232
208549.000000 0.315076
208823.000000 0.344849
209101.000000 0.344782
209393.000000 0.316692
209684.000000 0.332415
209974.000000 0.354517
210257.000000 0.382815
210535.000000 0.320556
210810.000000 0.323044
211086.000000 0.350508
211365.000000 0.310031
211655.000000 0.342124
211952.000000 0.367879
212229.000000 0.333999
212503.000000 0.342869
212779.000000 0.330040
213059.000000 0.337752
213328.000000 0.368077
213607.000000 0.334160
213895.000000 0.333726
214182.000000 0.369043
214466.000000 0.357521
214739.000000 0.287111
215006.000000 0.320906
215281.000000 0.444164
215564.000000 0.337444
215851.000000 0.336336
216142.000000 0.349563
216432.000000 0.353480
216711.000000 0.329248
216991.000000 0.312861
217270.000000 0.310088
217548.000000 0.331122
217825.000000 0.357558
218123.000000 0.323138
218417.000000 0.539092
218704.000000 0.473821
218973.000000 0.317950
219247.000000 0.308477
219530.000000 0.554864
219814.000000 0.346903
220100.000000 0.340988
220392.000000 0.327557
220692.000000 0.429047
220978.000000 0.335251
221253.000000 0.309839
221528.000000 0.326805
221805.000000 0.331146
222082.000000 0.360277
222376.000000 0.351350
222667.000000 0.379254
222952.000000 0.396678
223228.000000 0.369414
223508.000000 0.326498
223784.000000 0.335095
224048.000000 0.327410
224329.000000 0.423123
224622.000000 0.363964
224916.000000 0.360011
225196.000000 0.341841
225473.000000 0.321437
225744.000000 0.435504
226025.000000 0.353645
226297.000000 0.337341
226574.000000 0.507826
226864.000000 0.369824
227145.000000 0.512148
227428.000000 0.447767
227703.000000 0.306257
227976.000000 0.336604
228239.000000 0.331190
228517.000000 0.416586
228809.000000 0.367272
229095.000000 0.357438
229377.000000 0.347827
229661.000000 0.314841
229937.000000 0.334097
230215.000000 0.323315
230486.000000 0.337884
230762.000000 0.334096
231059.000000 0.353562
231358.000000 0.404499
231639.000000 0.317050
231914.000000 0.298799
232191.000000 0.317845
232461.000000 0.341122
232733.000000 0.371152
233017.000000 0.339246
233302.000000 0.335164
233589.000000 0.349830
233876.000000 0.318489
234152.000000 0.321806
234416.000000 0.314524
234685.000000 0.338076
234960.000000 0.340636
235250.000000 0.356359
235548.000000 0.348017
235829.000000 0.336213
236109.000000 0.349244
236391.000000 0.373101
236665.000000 0.476079
236928.000000 0.369860
237206.000000 0.350250
237496.000000 0.342456
237784.000000 0.349139
238071.000000 0.341368
238344.000000 0.316561
238611.000000 0.452588
238885.000000 0.342629
239158.000000 0.406908
239434.000000 0.336403
239718.000000 0.412223
239997.000000 0.573292
240267.000000 0.481535
240542.000000 0.336856
240810.000000 0.500686
241066.000000 0.332994
241319.000000 0.324518
241589.000000 0.440275
241856.000000 0.431174
242115.000000 0.351919
242374.000000 0.339029
242633.000000 0.381227
242880.000000 0.387793
243133.000000 0.327619
243389.000000 0.380863
243644.000000 0.394435
243909.000000 0.364467
244192.000000 0.384595
244462.000000 0.442506
244730.000000 0.384198
244985.000000 0.380976
245247.000000 0.447893
245516.000000 0.375181
245792.000000 0.469613
246067.000000 0.423688
246353.000000 0.354716
246648.000000 0.352347
246936.000000 0.373065
247202.000000 0.426127
247470.000000 0.361058
247743.000000 0.338082
248019.000000 0.387559
248301.000000 0.406445
248588.000000 0.348458
248879.000000 0.359296
249159.000000 0.548077
249434.000000 0.361775
249707.000000 0.329936
249989.000000 0.354112
250274.000000 0.390478
250558.000000 0.474222
250859.000000 0.368038
251161.000000 0.329471
251442.000000 0.351056
251711.000000 0.445593
251995.000000 0.327951
252286.000000 0.369222
252585.000000 0.426655
252869.000000 0.390397
253160.000000 0.372130
253456.000000 0.382281
253742.000000 0.355960
254011.000000 0.366626
254283.000000 0.366359
254586.000000 0.373897
254892.000000 0.435590
255171.000000 0.432271
255454.000000 0.383893
255739.000000 0.448969
256028.000000 0.355248
256296.000000 0.389729
256573.000000 0.371121
256861.000000 0.429958
257158.000000 0.504390
257441.000000 0.348461
257711.000000 0.297255
257967.000000 0.400618
258227.000000 0.374030
258479.000000 0.383091
258738.000000 0.336214
259006.000000 0.511249
259281.000000 0.400084
259542.000000 0.380339
259812.000000 0.344864
260077.000000 0.381277
260335.000000 0.386604
260586.000000 0.344185
260853.000000 0.417569
261133.000000 0.401104
261418.000000 0.406021
261691.000000 0.410980
261969.000000 0.399757
262242.000000 0.401588
262517.000000 0.374227
262789.000000 0.340423
263063.000000 0.416949
263351.000000 0.409884
263642.000000 0.400795
263932.000000 0.355577
264218.000000 0.332324
264500.000000 0.362883
264773.000000 0.475100
265063.000000 0.350710
265355.000000 0.333738
265652.000000 0.429277
265948.000000 0.391839
266239.000000 0.353639
266529.000000 0.310973
266816.000000 0.343767
267100.000000 0.372162
267377.000000 0.327442
267680.000000 0.356902
267979.000000 0.387501
268261.000000 0.369747
268546.000000 0.351062
268824.000000 0.344760
269103.000000 0.339402
269385.000000 0.433588
269671.000000 0.337522
269961.000000 0.477142
270258.000000 0.340097
270551.000000 0.343271
270822.000000 0.339556
271095.000000 0.314985
271371.000000 0.320378
271657.000000 0.376820
271954.000000 0.494121
272245.000000 0.389239
272534.000000 0.332322
272840.000000 0.376352
273124.000000 0.343646
273395.000000 0.350694
273676.000000 0.346094
273968.000000 0.338933
274265.000000 0.385009
274562.000000 0.351784
274853.000000 0.345466
275132.000000 0.385886
275404.000000 0.394052
275672.000000 0.376771
275950.000000 0.341420
276236.000000 0.376678
276517.000000 0.400157
276805.000000 0.471992
277103.000000 0.371322
277389.000000 0.480627
277650.000000 0.421229
277924.000000 0.455975
278213.000000 0.377624
278519.000000 0.362186
278815.000000 0.490272
279099.000000 0.463579
279383.000000 0.402777
279576.000000 0.374100
279919.000000 0.466342
280210.000000 0.512083
280512.000000 0.400159
280815.000000 0.371652
281111.000000 0.430376
281403.000000 0.420843
281683.000000 0.374123
281956.000000 0.364413
282233.000000 0.498550
282514.000000 0.445866
282803.000000 0.436379
283097.000000 0.399701
283390.000000 0.378979
283673.000000 0.418691
283945.000000 0.431374
284217.000000 0.400691
284492.000000 0.460001
284779.000000 0.445482
285074.000000 0.440410
285364.000000 0.443543
285654.000000 0.398519
285937.000000 0.382427
286211.000000 0.410301
286487.000000 0.441014
286764.000000 0.479097
287052.000000 0.379506
287354.000000 0.614368
287656.000000 0.556353
287945.000000 0.395649
288226.000000 0.344794
288507.000000 0.376742
288794.000000 0.511623
289077.000000 0.416646
289374.000000 0.380206
289668.000000 0.392705
289972.000000 0.443340
290258.000000 0.379654
290539.000000 0.333818
290814.000000 0.379954
291110.000000 0.586955
291408.000000 0.550127
291697.000000 0.434044
291991.000000 0.397408
292282.000000 0.422776
292567.000000 0.375294
292845.000000 0.339313
293124.000000 0.364155
293412.000000 0.406001
293713.000000 0.428580
294012.000000 0.380020
294297.000000 0.386614
294582.000000 0.400410
294858.000000 0.493656
295143.000000 0.437998
295422.000000 0.379483
295718.000000 0.399926
296014.000000 0.416703
296320.000000 0.387950
296612.000000 0.357204
296890.000000 0.358844
297170.000000 0.409535
297451.000000 0.497770
297739.000000 0.355885
298033.000000 0.393335
298335.000000 0.439634
298628.000000 0.402248
298921.000000 0.430574
299207.000000 0.367656
299484.000000 0.436577
299757.000000 0.438788
300053.000000 0.403445
300361.000000 0.403007
300663.000000 0.414948
300941.000000 0.415297
301212.000000 0.390983
301495.000000 0.364219
301782.000000 0.392931
302064.000000 0.600403
302348.000000 0.425394
302645.000000 0.391676
302948.000000 0.433239
303241.000000 0.402399
303504.000000 0.496845
303774.000000 0.463464
304066.000000 0.398458
304362.000000 0.439925
304640.000000 0.432579
304924.000000 0.384579
305212.000000 0.439259
305498.000000 0.381679
305710.000000 0.418138
306036.000000 0.417242
306338.000000 0.366986
306642.000000 0.379951
306944.000000 0.579340
307235.000000 0.382349
307515.000000 0.372638
307746.000000 0.336661
308064.000000 0.365332
308350.000000 0.392480
308626.000000 0.400093
308913.000000 0.365832
309217.000000 0.423699
309516.000000 0.476226
309781.000000 0.376606
310053.000000 0.374840
310333.000000 0.335386
310627.000000 0.485094
310915.000000 0.430022
311200.000000 0.443157
311489.000000 0.483887
311784.000000 0.399479
312063.000000 0.384952
312329.000000 0.383365
312606.000000 0.355616
312826.000000 0.485970
313194.000000 0.476351
313509.000000 0.415362
313809.000000 0.426468
314091.000000 0.345643
314374.000000 0.407887
314665.000000 0.400817
314953.000000 0.362914
315246.000000 0.341940
315542.000000 0.372272
315844.000000 0.429420
316136.000000 0.386353
316416.000000 0.351202
316694.000000 0.375903
316981.000000 0.561570
317267.000000 0.396290
317561.000000 0.383636
317786.000000 0.367942
318146.000000 0.405647
318439.000000 0.398444
318730.000000 0.379756
319012.000000 0.340284
319224.000000 0.381425
319587.000000 0.441822
319905.000000 0.436037
320206.000000 0.359707
320494.000000 0.402836
320787.000000 0.396319
321073.000000 0.414705
321373.000000 0.361280
321664.000000 0.372782
321969.000000 0.431632
322276.000000 0.423503
322574.000000 0.358190
322857.000000 0.337864
323139.000000 0.490513
323426.000000 0.396576
323731.000000 0.437089
324046.000000 0.361818
324341.000000 0.536190
324642.000000 0.440196
324931.000000 0.409367
325216.000000 0.363520
325496.000000 0.444667
325784.000000 0.408659
326089.000000 0.494018
326396.000000 0.632769
326699.000000 0.347320
326988.000000 0.363969
327277.000000 0.414584
327567.000000 0.421032
327859.000000 0.510830
328150.000000 0.375954
328453.000000 0.421215
328754.000000 0.421859
329057.000000 0.498017
329340.000000 0.328995
329620.000000 0.350982
329913.000000 0.395724
330217.000000 0.385650
330525.000000 0.358183
330820.000000 0.385691
331125.000000 0.430204
331412.000000 0.371466
331705.000000 0.450837
331990.000000 0.369650
332280.000000 0.420538
332589.000000 0.401990
332898.000000 0.370217
333200.000000 0.343876
333480.000000 0.382961
333769.000000 0.450968
334057.000000 0.364601
334349.000000 0.346139
334644.000000 0.373872
334944.000000 0.404810
335249.000000 0.389169
335544.000000 0.335420
335824.000000 0.324976
336101.000000 0.372321
336386.000000 0.364921
336680.000000 0.410394
336980.000000 0.374920
337282.000000 0.564432
337572.000000 0.364106
337863.000000 0.446151
338146.000000 0.424993
338433.000000 0.387184
338721.000000 0.545793
339026.000000 0.355962
339328.000000 0.370991
339635.000000 0.594941
339927.000000 0.390863
340206.000000 0.496894
340492.000000 0.524229
340781.000000 0.406496
341076.000000 0.411868
341380.000000 0.407138
341685.000000 0.404706
341975.000000 0.374426
342267.000000 0.424165
342548.000000 0.400429
342823.000000 0.367235
343116.000000 0.486798
343410.000000 0.449383
343706.000000 0.428770
343996.000000 0.398729
344280.000000 0.500110
344557.000000 0.350848
344844.000000 0.490491
345130.000000 0.378450
345416.000000 0.388732
345724.000000 0.374816
346018.000000 0.496723
346309.000000 0.434803
346597.000000 0.377002
346805.000000 0.305199
347148.000000 0.405352
347455.000000 0.413037
347760.000000 0.396964
348064.000000 0.373488
348368.000000 0.498184
348659.000000 0.451477
348936.000000 0.377362
349222.000000 0.383746
349503.000000 0.496226
349805.000000 0.412853
350113.000000 0.418121
350411.000000 0.366201
350693.000000 0.348707
350981.000000 0.381125
351266.000000 0.418513
351482.000000 0.388586
351821.000000 0.419423
352116.000000 0.379617
352417.000000 0.435441
352712.000000 0.366714
352988.000000 0.325548
353258.000000 0.362654
353549.000000 0.518987
353833.000000 0.409081
354129.000000 0.415692
354427.000000 0.363629
354718.000000 0.386132
355016.000000 0.429808
355303.000000 0.371267
355580.000000 0.344334
355859.000000 0.392114
356166.000000 0.444712
356464.000000 0.440548
356759.000000 0.383553
357046.000000 0.390033
357329.000000 0.475761
357611.000000 0.460361
357902.000000 0.380254
358187.000000 0.398491
358483.000000 0.492337
358789.000000 0.518783
359087.000000 0.466500
359366.000000 0.363877
359635.000000 0.341219
359904.000000 0.323865
360183.000000 0.364700
360472.000000 0.370298
360764.000000 0.401420
361052.000000 0.412593
361344.000000 0.479156
361626.000000 0.572759
361895.000000 0.401791
362163.000000 0.374297
362452.000000 0.405560
362733.000000 0.461735
363027.000000 0.443502
363319.000000 0.395074
363607.000000 0.397148
363879.000000 0.416486
364159.000000 0.378528
364447.000000 0.357813
364732.000000 0.444673
365023.000000 0.400148
365331.000000 0.438561
365641.000000 0.403344
365915.000000 0.496315
366192.000000 0.417999
366483.000000 0.493379
366779.000000 0.436272
367064.000000 0.401862
367364.000000 0.380285
367675.000000 0.399615
367961.000000 0.431932
368248.000000 0.361759
368532.000000 0.362757
368825.000000 0.415406
369111.000000 0.488984
369411.000000 0.419972
369716.000000 0.364286
370011.000000 0.627232
370280.000000 0.402040
370558.000000 0.385638
370843.000000 0.365256
371132.000000 0.397923
371407.000000 0.495953
371704.000000 0.405160
372008.000000 0.376852
372300.000000 0.508812
372559.000000 0.412004
372835.000000 0.506053
373125.000000 0.368660
373429.000000 0.408830
373713.000000 0.499018
374001.000000 0.415352
374304.000000 0.453810
374596.000000 0.414076
374856.000000 0.459742
375126.000000 0.392388
375413.000000 0.377203
375716.000000 0.440667
375999.000000 0.452707
376288.000000 0.411557
376577.000000 0.368516
376862.000000 0.427104
377082.000000 0.471315
377406.000000 0.399328
377701.000000 0.401148
378006.000000 0.433196
378309.000000 0.442159
378609.000000 0.407591
378887.000000 0.540994
379160.000000 0.452285
379441.000000 0.462132
379732.000000 0.571656
380024.000000 0.402676
380313.000000 0.395373
380611.000000 0.441476
380899.000000 0.422974
381174.000000 0.394846
381453.000000 0.437146
381725.000000 0.549478
382015.000000 0.605194
382309.000000 0.391970
382609.000000 0.573239
382896.000000 0.398497
383184.000000 0.348839
383458.000000 0.386969
383744.000000 0.431591
384028.000000 0.396607
384318.000000 0.449270
384616.000000 0.369037
384916.000000 0.408067
385206.000000 0.394842
385488.000000 0.454440
385770.000000 0.336517
386051.000000 0.372646
386350.000000 0.430801
386650.000000 0.403399
386942.000000 0.374370
387242.000000 0.433778
387534.000000 0.386127
387812.000000 0.353482
388085.000000 0.346428
388374.000000 0.483093
388673.000000 0.450014
388980.000000 0.455803
389278.000000 0.380053
389564.000000 0.382704
389861.000000 0.423578
390150.000000 0.344112
390435.000000 0.341468
390731.000000 0.391721
391040.000000 0.392580
391345.000000 0.532733
391642.000000 0.333811
391925.000000 0.381086
392205.000000 0.405762
392494.000000 0.378452
392781.000000 0.354589
393078.000000 0.405521
393378.000000 0.416520
393675.000000 0.409688
393958.000000 0.356054
394244.000000 0.395300
394520.000000 0.388413
394802.000000 0.362854
395097.000000 0.396848
395402.000000 0.458644
395698.000000 0.395468
395990.000000 0.391092
396269.000000 0.330742
396554.000000 0.438599
396846.000000 0.383076
397135.000000 0.394904
397336.000000 0.369385
397705.000000 0.429295
398008.000000 0.402703
398295.000000 0.346061
398570.000000 0.372301
398854.000000 0.447381
399140.000000 0.395960
399437.000000 0.484694
399731.000000 0.423249
400024.000000 0.432373
400322.000000 0.500522
400600.000000 0.347342
400878.000000 0.368874
401164.000000 0.407353
401454.000000 0.464911
401758.000000 0.484642
402062.000000 0.382217
402362.000000 0.431062
402647.000000 0.459027
402934.000000 0.364181
403216.000000 0.380614
403510.000000 0.422860
403806.000000 0.439741
404101.000000 0.410516
404404.000000 0.398590
404698.000000 0.420827
404981.000000 0.370010
405256.000000 0.363551
405544.000000 0.507929
405837.000000 0.424109
406132.000000 0.377964
406426.000000 0.383704
406716.000000 0.468648
407006.000000 0.421529
407289.000000 0.421470
407561.000000 0.353164
407850.000000 0.471075
408152.000000 0.446146
408453.000000 0.367416
408747.000000 0.380157
409031.000000 0.459515
409315.000000 0.378823
409598.000000 0.347336
409882.000000 0.369584
410178.000000 0.428262
410478.000000 0.417969
410782.000000 0.374440
411072.000000 0.389001
411353.000000 0.539245
411633.000000 0.441622
411916.000000 0.418969
412207.000000 0.398055
412513.000000 0.580124
412818.000000 0.466134
413110.000000 0.460407
413403.000000 0.376917
413693.000000 0.404224
413970.000000 0.406089
414250.000000 0.366531
414542.000000 0.446108
414848.000000 0.449329
415144.000000 0.410803
415431.000000 0.482445
415704.000000 0.370369
415995.000000 0.420955
416276.000000 0.614165
416556.000000 0.360023
416850.000000 0.415292
417153.000000 0.487150
417446.000000 0.417694
417729.000000 0.354425
418008.000000 0.402948
418285.000000 0.464761
418578.000000 0.493210
418867.000000 0.437981
419156.000000 0.488627
419454.000000 0.460337
419746.000000 0.415868
420023.000000 0.359150
420303.000000 0.411671
420584.000000 0.406140
420874.000000 0.417437
421174.000000 0.388674
421475.000000 0.403436
421767.000000 0.509413
421995.000000 0.404021
422321.000000 0.390065
422604.000000 0.414182
422819.000000 0.408441
423165.000000 0.382360
423463.000000 0.371087
423768.000000 0.402765
424065.000000 0.422542
424341.000000 0.359280
424617.000000 0.353119
424894.000000 0.378931
425189.000000 0.510242
425492.000000 0.552058
425790.000000 0.334768
426079.000000 0.377527
426381.000000 0.425905
426662.000000 0.398773
426939.000000 0.344029
427226.000000 0.377914
427524.000000 0.433110
427829.000000 0.421375
428130.000000 0.342572
428414.000000 0.353096
428699.000000 0.422631
428993.000000 0.386143
429277.000000 0.499954
429559.000000 0.372879
429868.000000 0.414779
430166.000000 0.410654
430471.000000 0.364985
430755.000000 0.345527
431035.000000 0.533396
431316.000000 0.410430
431616.000000 0.371804
431911.000000 0.368879
432210.000000 0.522324
432510.000000 0.421777
432800.000000 0.353296
433083.000000 0.398498
433365.000000 0.368476
433649.000000 0.423766
433842.000000 0.408514
434212.000000 0.420625
434514.000000 0.397659
434811.000000 0.438328
435097.000000 0.527399
435371.000000 0.371224
435659.000000 0.411998
435952.000000 0.414223
436150.000000 0.420842
436513.000000 0.478422
436821.000000 0.392735
437119.000000 0.442133
437401.000000 0.402897
437683.000000 0.339251
437966.000000 0.611159
438269.000000 0.447015
438571.000000 0.554584
438866.000000 0.366227
439159.000000 0.388413
439455.000000 0.406352
439741.000000 0.454816
440024.000000 0.375804
440313.000000 0.616336
440623.000000 0.447690
440935.000000 0.409946
441232.000000 0.367601
441519.000000 0.367367
441815.000000 0.445788
442110.000000 0.384249
442407.000000 0.341265
442624.000000 0.354490
442994.000000 0.419789
443306.000000 0.396074
443607.000000 0.340020
443889.000000 0.354040
444176.000000 0.424663
444474.000000 0.408802
444706.000000 0.399957
445061.000000 0.392654
445363.000000 0.451452
445659.000000 0.411950
445949.000000 0.370683
446227.000000 0.344005
446508.000000 0.572383
446801.000000 0.448621
447105.000000 0.550860
447403.000000 0.492319
447696.000000 0.443552
447981.000000 0.433216
448265.000000 0.404575
448549.000000 0.370277
448835.000000 0.535815
449138.000000 0.637773
449442.000000 0.421373
449749.000000 0.425681
450038.000000 0.386324
450326.000000 0.428542
450608.000000 0.416958
450896.000000 0.452687
451194.000000 0.400651
451502.000000 0.453602
451807.000000 0.424209
452102.000000 0.389892
452391.000000 0.377741
452679.000000 0.416511
452960.000000 0.433177
453251.000000 0.598471
453546.000000 0.423833
453853.000000 0.427714
454155.000000 0.454140
454445.000000 0.395397
454651.000000 0.377487
454998.000000 0.422231
455294.000000 0.429715
455589.000000 0.409330
455889.000000 0.417950
456190.000000 0.577717
456488.000000 0.461539
456772.000000 0.387950
457046.000000 0.391087
457334.000000 0.458715
457635.000000 0.518738
457938.000000 0.405690
458169.000000 0.411878
458525.000000 0.458346
458817.000000 0.428301
459104.000000 0.383231
459381.000000 0.396256
459665.000000 0.433626
459967.000000 0.494090
460276.000000 0.400343
460572.000000 0.493099
460859.000000 0.418887
461150.000000 0.423716
461434.000000 0.405332
461722.000000 0.362389
462015.000000 0.392729
462315.000000 0.569711
462622.000000 0.478759
462920.000000 0.363623
463198.000000 0.516231
463482.000000 0.448381
463766.000000 0.488746
464050.000000 0.339525
464362.000000 0.401743
464665.000000 0.553085
464961.000000 0.420651
465258.000000 0.383291
465539.000000 0.341145
465821.000000 0.394883
466105.000000 0.438349
466405.000000 0.390098
466708.000000 0.371757
467012.000000 0.373357
467309.000000 0.413991
467590.000000 0.399392
467879.000000 0.398513
468165.000000 0.381797
468460.000000 0.439606
468763.000000 0.414829
469066.000000 0.432904
469364.000000 0.384908
469661.000000 0.471533
469943.000000 0.398182
470232.000000 0.361283
470531.000000 0.503645
470838.000000 0.462521
471140.000000 0.418878
471445.000000 0.395629
471728.000000 0.369324
472020.000000 0.421637
472305.000000 0.393209
472590.000000 0.367195
472888.000000 0.422028
473202.000000 0.450268
473499.000000 0.436750
473793.000000 0.367836
474075.000000 0.368007
474363.000000 0.457174
474653.000000 0.396768
474943.000000 0.526573
475238.000000 0.407171
475548.000000 0.516285
475852.000000 0.383216
476137.000000 0.347522
476418.000000 0.376240
476707.000000 0.509616
477001.000000 0.403950
477308.000000 0.381230
477605.000000 0.463124
477899.000000 0.445669
478196.000000 0.417074
478482.000000 0.360071
478758.000000 0.354241
479041.000000 0.435819
479333.000000 0.426709
479634.000000 0.394066
479932.000000 0.380383
480219.000000 0.418652
480495.000000 0.435991
480780.000000 0.411078
481058.000000 0.364770
481341.000000 0.412667
481642.000000 0.591976
481942.000000 0.422109
482240.000000 0.373659
482526.000000 0.381219
482802.000000 0.370769
483072.000000 0.331345
483351.000000 0.364996
483635.000000 0.552444
483932.000000 0.491747
484221.000000 0.501364
484508.000000 0.358243
484787.000000 0.383744
485074.000000 0.424480
485353.000000 0.592578
485642.000000 0.366830
485940.000000 0.442571
486254.000000 0.440315
486558.000000 0.420044
486845.000000 0.351200
487130.000000 0.356881
487425.000000 0.479792
487720.000000 0.394544
488019.000000 0.507598
488321.000000 0.396514
488636.000000 0.473541
488932.000000 0.388556
489215.000000 0.325897
489498.000000 0.369042
489790.000000 0.490516
490091.000000 0.460222
490394.000000 0.428926
490696.000000 0.483213
490995.000000 0.499273
491288.000000 0.367724
491571.000000 0.344424
491851.000000 0.366094
492146.000000 0.438997
492446.000000 0.430506
492751.000000 0.365000
493047.000000 0.390954
493341.000000 0.440659
493624.000000 0.382348
493915.000000 0.342509
494200.000000 0.382035
494492.000000 0.446114
494791.000000 0.497664
495086.000000 0.382294
495371.000000 0.407444
495650.000000 0.422133
495926.000000 0.418848
496202.000000 0.413324
496501.000000 0.400119
496713.000000 0.398330
497075.000000 0.478423
497378.000000 0.446910
497666.000000 0.382635
497946.000000 0.390115
498231.000000 0.420910
498518.000000 0.449134
498813.000000 0.420896
499115.000000 0.392769
499418.000000 0.465795
499702.000000 0.446531
499988.000000 0.419213
500269.000000 0.476072
500550.000000 0.398586
500848.000000 0.602600
501146.000000 0.436248
501449.000000 0.422795
501746.000000 0.387906
502040.000000 0.458966
502317.000000 0.433082
502602.000000 0.393121
502889.000000 0.387846
503192.000000 0.461166
503498.000000 0.449115
503795.000000 0.386433
504081.000000 0.452699
504374.000000 0.595829
504655.000000 0.397535
504937.000000 0.446975
505228.000000 0.398351
505529.000000 0.425161
505831.000000 0.469665
506126.000000 0.409601
506399.000000 0.389670
506680.000000 0.402371
506970.000000 0.444357
507257.000000 0.425441
507553.000000 0.370037
507856.000000 0.394075
508160.000000 0.596030
508456.000000 0.399182
508745.000000 0.374824
509020.000000 0.363043
509320.000000 0.461104
509624.000000 0.477019
509924.000000 0.366014
510221.000000 0.420899
510521.000000 0.436900
510805.000000 0.439163
511094.000000 0.354330
511372.000000 0.358027
511661.000000 0.413271
511972.000000 0.466817
512278.000000 0.427169
512568.000000 0.406037
512852.000000 0.372850
513136.000000 0.445789
513425.000000 0.410621
513720.000000 0.505355
514015.000000 0.376003
514319.000000 0.534431
514629.000000 0.446829
514920.000000 0.362950
515195.000000 0.474393
515477.000000 0.493504
515763.000000 0.461390
516066.000000 0.421700
516372.000000 0.380260
516668.000000 0.531618
516971.000000 0.451003
517267.000000 0.412757
517555.000000 0.372897
517833.000000 0.371226
518128.000000 0.641908
518428.000000 0.465754
518735.000000 0.435982
519029.000000 0.451028
519308.000000 0.361591
519595.000000 0.437478
519883.000000 0.395091
520150.000000 0.386648
520464.000000 0.446704
520769.000000 0.457028
520983.000000 0.416282
521343.000000 0.403734
521629.000000 0.338055
521914.000000 0.402743
522210.000000 0.418182
522512.000000 0.394855
522816.000000 0.580219
523117.000000 0.433946
523417.000000 0.402275
523709.000000 0.431101
524000.000000 0.418480
524280.000000 0.374951
524578.000000 0.489899
524891.000000 0.478572
525199.000000 0.422060
525493.000000 0.362247
525781.000000 0.446914
526065.000000 0.482381
526357.000000 0.374328
526647.000000 0.381904
526942.000000 0.398876
527244.000000 0.436526
527550.000000 0.409110
527839.000000 0.352720
528119.000000 0.382587
528403.000000 0.425677
528690.000000 0.417139
528992.000000 0.367109
529294.000000 0.403901
529600.000000 0.514144
529898.000000 0.401305
530192.000000 0.350691
530472.000000 0.384129
530763.000000 0.523275
531059.000000 0.450610
531359.000000 0.418795
531669.000000 0.373031
531968.000000 0.403050
532258.000000 0.403754
532545.000000 0.376328
532829.000000 0.483800
533123.000000 0.429646
533417.000000 0.424564
533720.000000 0.446310
534013.000000 0.579377
534308.000000 0.418933
534593.000000 0.486450
534874.000000 0.555175
535162.000000 0.435250
535460.000000 0.415954
535769.000000 0.472905
536068.000000 0.456382
536366.000000 0.406111
536646.000000 0.390505
536931.000000 0.429385
537213.000000 0.450007
537506.000000 0.419577
537811.000000 0.506604
538116.000000 0.598415
538422.000000 0.441109
538709.000000 0.469385
538994.000000 0.409892
539279.000000 0.376769
539576.000000 0.613516
539875.000000 0.534836
540173.000000 0.366977
540473.000000 0.408683
540769.000000 0.477651
541053.000000 0.406656
541335.000000 0.384715
541617.000000 0.357093
541917.000000 0.492527
542227.000000 0.483560
542530.000000 0.480354
542826.000000 0.365517
543117.000000 0.423203
543408.000000 0.439661
543690.000000 0.433575
543984.000000 0.414025
544287.000000 0.395598
544591.000000 0.445946
544896.000000 0.444885
545183.000000 0.394694
545456.000000 0.368566
545742.000000 0.400707
546023.000000 0.434705
546307.000000 0.416280
546600.000000 0.408536
546775.000000 0.595639
547200.000000 0.444468
547483.000000 0.481327
547759.000000 0.337343
548033.000000 0.388624
548335.000000 0.518570
548633.000000 0.418348
548927.000000 0.391123
549218.000000 0.432836
549503.000000 0.412256
549785.000000 0.418302
550071.000000 0.390370
550350.000000 0.356363
550640.000000 0.615921
550953.000000 0.444286
551254.000000 0.432926
551533.000000 0.369105
551816.000000 0.438078
552097.000000 0.445253
552386.000000 0.429699
552681.000000 0.486892
552976.000000 0.399512
553283.000000 0.481507
553590.000000 0.439704
553878.000000 0.361249
554155.000000 0.388372
554440.000000 0.428502
554724.000000 0.428823
555028.000000 0.421978
555325.000000 0.413307
555614.000000 0.410131
555915.000000 0.523941
556204.000000 0.518493
556487.000000 0.359384
556766.000000 0.369467
557057.000000 0.399558
557362.000000 0.467536
557669.000000 0.452983
557963.000000 0.388640
558239.000000 0.376379
558528.000000 0.592562
558814.000000 0.431811
559104.000000 0.438130
559396.000000 0.388397
559696.000000 0.392561
559999.000000 0.450438
560296.000000 0.548776
560577.000000 0.386376
560847.000000 0.425064
561142.000000 0.456694
561436.000000 0.444593
561733.000000 0.460978
562020.000000 0.357274
562309.000000 0.442804
562593.000000 0.417606
562813.000000 0.418422
563142.000000 0.505132
563425.000000 0.426597
563732.000000 0.477290
564031.000000 0.418534
564321.000000 0.354273
564602.000000 0.574412
564884.000000 0.414670
565165.000000 0.406126
565454.000000 0.376966
565742.000000 0.409390
566042.000000 0.443720
566260.000000 0.443927
566617.000000 0.382127
566900.000000 0.351443
567186.000000 0.430537
567380.000000 0.552769
567722.000000 0.429538
568028.000000 0.394822
568327.000000 0.423036
568625.000000 0.466303
568920.000000 0.649501
569205.000000 0.395748
569483.000000 0.359540
569764.000000 0.434525
570059.000000 0.436346
570367.000000 0.427514
570669.000000 0.376875
570958.000000 0.397407
571247.000000 0.423587
571539.000000 0.529989
571832.000000 0.398491
572123.000000 0.390618
572429.000000 0.463285
572731.000000 0.457405
573041.000000 0.389859
573329.000000 0.392475
573609.000000 0.397257
573894.000000 0.517021
574194.000000 0.408559
574431.000000 0.444573
574787.000000 0.418226
575096.000000 0.458584
575388.000000 0.449759
575679.000000 0.387522
575960.000000 0.407624
576249.000000 0.458805
576552.000000 0.450598
576864.000000 0.409176
577163.000000 0.402928
577457.000000 0.409058
577742.000000 0.431192
578026.000000 0.428685
578311.000000 0.414260
578601.000000 0.481502
578902.000000 0.460923
579205.000000 0.457923
579449.000000 0.404566
579791.000000 0.393385
580075.000000 0.606790
580358.000000 0.400256
580649.000000 0.398165
580948.000000 0.493585
581247.000000 0.412571
581544.000000 0.443307
581835.000000 0.582554
582120.000000 0.381166
582396.000000 0.368494
582669.000000 0.405066
582920.000000 0.532180
583240.000000 0.419166
583540.000000 0.353990
583822.000000 0.330323
584099.000000 0.289299
584364.000000 0.269743
584636.000000 0.290040
584904.000000 0.314265
585176.000000 0.349298
585456.000000 0.346626
585732.000000 0.365956
586012.000000 0.339006
586276.000000 0.316361
586526.000000 0.317387
586772.000000 0.323913
587031.000000 0.336520
587300.000000 0.389158
587573.000000 0.345160
587844.000000 0.350040
588114.000000 0.566095
588378.000000 0.337808
588644.000000 0.478177
588907.000000 0.331642
589178.000000 0.419497
589455.000000 0.338615
589748.000000 0.355775
590041.000000 0.380049
590317.000000 0.338079
590589.000000 0.339387
590864.000000 0.342711
591145.000000 0.325493
591418.000000 0.485371
591708.000000 0.374907
592000.000000 0.533514
592289.000000 0.389593
592573.000000 0.330548
592854.000000 0.359442
593069.000000 0.315746
593388.000000 0.338238
593684.000000 0.408835
593991.000000 0.337481
594281.000000 0.560270
594564.000000 0.350203
594856.000000 0.423869
595128.000000 0.419103
595403.000000 0.359662
595691.000000 0.386530
595993.000000 0.434267
596279.000000 0.405232
596585.000000 0.366310
596880.000000 0.415773
597137.000000 0.358196
597403.000000 0.347853
597671.000000 0.391594
597926.000000 0.376130
598187.000000 0.399984
598459.000000 0.443115
598714.000000 0.474269
598970.000000 0.399548
599223.000000 0.343428
599469.000000 0.393200
599704.000000 0.388539
599953.000000 0.481800
600215.000000 0.415039
600484.000000 0.406172
600740.000000 0.421314
601012.000000 0.425814
601274.000000 0.370493
601538.000000 0.377828
601800.000000 0.423998
602065.000000 0.359582
602331.000000 0.395191
602611.000000 0.560908
602894.000000 0.345311
603180.000000 0.354888
603456.000000 0.386648
603723.000000 0.467517
603990.000000 0.384429
604278.000000 0.393741
604565.000000 0.487406
604845.000000 0.622062
605149.000000 0.414910
605460.000000 0.460210
605738.000000 0.416631
606009.000000 0.400328
606294.000000 0.369925
606588.000000 0.552268
606881.000000 0.450646
607180.000000 0.487256
607476.000000 0.385713
607767.000000 0.564954
608045.000000 0.338856
608310.000000 0.323078
608577.000000 0.347095
608854.000000 0.534026
609137.000000 0.375548
609426.000000 0.381449
609716.000000 0.360449
609989.000000 0.336787
610263.000000 0.419253
610545.000000 0.400734
610824.000000 0.432676
611109.000000 0.525769
611400.000000 0.431746
611696.000000 0.420280
611987.000000 0.390990
612264.000000 0.393783
612540.000000 0.465840
612821.000000 0.401132
613109.000000 0.428994
613401.000000 0.485110
613694.000000 0.459806
613985.000000 0.521969
614260.000000 0.394594
614540.000000 0.432308
614817.000000 0.488439
615090.000000 0.389708
615371.000000 0.421119
615677.000000 0.497128
615969.000000 0.439707
616251.000000 0.380476
616527.000000 0.468726
616804.000000 0.419452
617087.000000 0.527561
617367.000000 0.390796
617656.000000 0.438245
617950.000000 0.447065
618249.000000 0.405194
618529.000000 0.395557
618806.000000 0.420184
619083.000000 0.415015
619363.000000 0.398864
619654.000000 0.518603
619952.000000 0.412554
620250.000000 0.514840
620542.000000 0.403671
620827.000000 0.437569
621103.000000 0.403854
621380.000000 0.398019
621662.000000 0.404178
621945.000000 0.396120
622248.000000 0.452438
622542.000000 0.447398
622824.000000 0.423259
623090.000000 0.460337
623368.000000 0.436843
623640.000000 0.409478
623919.000000 0.381527
624192.000000 0.535933
624483.000000 0.426266
624766.000000 0.468558
625049.000000 0.578276
625310.000000 0.375998
625580.000000 0.420370
625855.000000 0.534216
626139.000000 0.418896
626428.000000 0.404002
626717.000000 0.484582
627001.000000 0.431701
627282.000000 0.430938
627556.000000 0.372406
627828.000000 0.430000
628104.000000 0.405597
628392.000000 0.475885
628689.000000 0.409983
628982.000000 0.403246
629171.000000 0.408053
629495.000000 0.571626
629762.000000 0.408399
630028.000000 0.504160
630290.000000 0.352700
630562.000000 0.466397
630837.000000 0.536839
631111.000000 0.376818
631378.000000 0.377015
631637.000000 0.355605
631899.000000 0.515867
632157.000000 0.435113
632415.000000 0.407826
632689.000000 0.435747
632959.000000 0.450586
633230.000000 0.519330
633499.000000 0.543517
633769.000000 0.405548
634029.000000 0.387793
634284.000000 0.324397
634547.000000 0.491398
634828.000000 0.401767
635108.000000 0.446638
635395.000000 0.391329
635686.000000 0.397828
635967.000000 0.391578
636239.000000 0.446437
636521.000000 0.373827
636812.000000 0.368004
637106.000000 0.609398
637401.000000 0.387187
637705.000000 0.361862
637998.000000 0.377809
638284.000000 0.477995
638561.000000 0.386979
638847.000000 0.356841
639141.000000 0.394476
639447.000000 0.394867
639745.000000 0.399110
640040.000000 0.350738
640330.000000 0.466102
640616.000000 0.402250
640901.000000 0.463893
641179.000000 0.353665
641480.000000 0.469985
641778.000000 0.408594
642066.000000 0.378728
642338.000000 0.371947
642615.000000 0.394856
642888.000000 0.505859
643165.000000 0.398645
643440.000000 0.466960
643722.000000 0.429884
644006.000000 0.410650
644288.000000 0.329358
644548.000000 0.483289
644808.000000 0.375772
645064.000000 0.343378
645322.000000 0.316742
645582.000000 0.377678
645864.000000 0.388182
646133.000000 0.356570
646394.000000 0.391393
646659.000000 0.467167
646917.000000 0.618167
647169.000000 0.342460
647415.000000 0.342222
647673.000000 0.369145
647935.000000 0.424762
648205.000000 0.398942
648478.000000 0.463501
648734.000000 0.375198
648979.000000 0.325727
649233.000000 0.339295
649485.000000 0.362804
649735.000000 0.343822
649992.000000 0.383057
