78.000000
371.000000
664.000000
948.000000
1232.000000
1516.000000
1810.000000
2045.000000
2403.000000
2707.000000
2999.000000
3284.000000
3561.000000
3863.000000
4171.000000
4467.000000
4765.000000
5061.000000
5347.000000
5634.000000
5919.000000
6215.000000
6528.000000
6824.000000
7107.000000
7392.000000
7671.000000
7954.000000
8247.000000
8540.000000
8838.000000
9142.000000
9432.000000
9711.000000
9999.000000
10283.000000
10592.000000
10895.000000
11192.000000
11481.000000
11782.000000
12067.000000
12351.000000
12646.000000
12950.000000
13267.000000
13563.000000
13843.000000
14132.000000
14424.000000
14711.000000
15012.000000
15311.000000
15608.000000
15900.000000
16184.000000
16465.000000
16756.000000
17059.000000
17359.000000
17658.000000
17948.000000
18228.000000
18515.000000
18796.000000
19081.000000
19389.000000
19694.000000
19990.000000
20272.000000
20555.000000
20839.000000
21132.000000
21424.000000
21730.000000
22030.000000
22322.000000
22604.000000
22882.000000
23165.000000
23455.000000
23757.000000
24054.000000
24346.000000
24626.000000
24914.000000
25198.000000
25486.000000
25781.000000
26089.000000
26388.000000
26671.000000
26953.000000
27238.000000
27537.000000
27834.000000
28133.000000
28432.000000
28728.000000
29015.000000
29295.000000
29581.000000
29874.000000
30183.000000
30488.000000
30780.000000
31066.000000
31349.000000
31637.000000
31929.000000
32225.000000
32530.000000
32837.000000
33128.000000
33404.000000
33692.000000
33981.000000
34275.000000
34576.000000
34871.000000
35169.000000
35456.000000
35737.000000
36017.000000
36310.000000
36606.000000
36917.000000
37216.000000
37501.000000
37783.000000
38072.000000
38357.000000
38652.000000
38951.000000
39253.000000
39548.000000
39826.000000
40097.000000
40383.000000
40678.000000
40971.000000
41272.000000
41568.000000
41850.000000
42118.000000
42417.000000
42698.000000
42997.000000
43308.000000
43605.000000
43893.000000
44173.000000
44457.000000
44744.000000
45031.000000
45324.000000
45629.000000
45926.000000
46205.000000
46479.000000
46761.000000
47038.000000
47335.000000
47633.000000
47920.000000
48203.000000
48487.000000
48767.000000
49041.000000
49324.000000
49619.000000
49924.000000
50215.000000
50492.000000
50772.000000
51057.000000
51340.000000
51627.000000
51922.000000
52217.000000
52507.000000
52785.000000
53064.000000
53342.000000
53632.000000
53924.000000
54220.000000
54509.000000
54785.000000
55065.000000
55344.000000
55626.000000
55909.000000
56208.000000
56503.000000
56786.000000
57056.000000
57334.000000
57616.000000
57901.000000
58193.000000
58491.000000
58789.000000
59078.000000
59355.000000
59632.000000
59921.000000
60215.000000
60516.000000
60818.000000
61106.000000
61392.000000
61681.000000
61964.000000
62248.000000
62548.000000
62853.000000
63155.000000
63440.000000
63712.000000
63999.000000
64289.000000
64582.000000
64877.000000
65175.000000
65465.000000
65751.000000
66031.000000
66308.000000
66605.000000
66792.000000
67131.000000
67435.000000
67729.000000
68008.000000
68303.000000
68595.000000
68887.000000
69192.000000
69505.000000
69797.000000
70074.000000
70358.000000
70644.000000
70942.000000
71241.000000
71541.000000
71847.000000
72139.000000
72418.000000
72704.000000
72999.000000
73302.000000
73613.000000
73913.000000
74197.000000
74484.000000
74768.000000
74987.000000
75333.000000
75633.000000
75935.000000
76234.000000
76516.000000
76786.000000
77075.000000
77367.000000
77665.000000
77955.000000
78252.000000
78540.000000
78825.000000
79101.000000
79387.000000
79690.000000
79992.000000
80291.000000
80584.000000
80869.000000
81153.000000
81440.000000
81731.000000
82031.000000
82336.000000
82638.000000
82928.000000
83210.000000
83493.000000
83795.000000
84105.000000
84408.000000
84710.000000
85011.000000
85304.000000
85581.000000
85871.000000
86173.000000
86479.000000
86781.000000
87080.000000
87365.000000
87653.000000
87942.000000
88233.000000
88531.000000
88835.000000
89136.000000
89422.000000
89704.000000
89989.000000
90287.000000
90591.000000
90886.000000
91191.000000
91482.000000
91762.000000
92048.000000
92339.000000
92634.000000
92946.000000
93247.000000
93535.000000
93825.000000
94104.000000
94396.000000
94694.000000
94997.000000
95299.000000
95607.000000
95894.000000
96172.000000
96451.000000
96747.000000
97051.000000
97349.000000
97646.000000
97937.000000
98229.000000
98509.000000
98790.000000
99085.000000
99383.000000
99580.000000
99931.000000
100219.000000
100497.000000
100782.000000
101072.000000
101362.000000
101654.000000
101942.000000
102235.000000
102518.000000
102794.000000
103075.000000
103372.000000
103670.000000
103965.000000
104262.000000
104546.000000
104831.000000
105119.000000
105408.000000
105708.000000
106016.000000
106315.000000
106601.000000
106883.000000
107160.000000
107455.000000
107752.000000
108046.000000
108343.000000
108645.000000
108927.000000
109200.000000
109487.000000
109773.000000
110077.000000
110375.000000
110674.000000
110964.000000
111245.000000
111525.000000
111811.000000
112109.000000
112406.000000
112711.000000
113001.000000
113282.000000
113563.000000
113851.000000
114143.000000
114429.000000
114717.000000
115001.000000
115281.000000
115548.000000
115816.000000
116085.000000
116370.000000
116655.000000
116940.000000
117214.000000
117495.000000
117767.000000
118045.000000
118324.000000
118608.000000
118912.000000
119217.000000
119511.000000
119793.000000
120078.000000
120377.000000
120677.000000
120992.000000
121301.000000
121605.000000
121890.000000
122171.000000
122462.000000
122751.000000
123051.000000
123361.000000
123665.000000
123937.000000
124222.000000
124508.000000
124776.000000
125061.000000
125356.000000
125649.000000
125927.000000
126204.000000
126477.000000
126747.000000
127026.000000
127314.000000
127604.000000
127893.000000
128085.000000
128424.000000
128699.000000
128959.000000
129231.000000
129520.000000
129799.000000
130058.000000
130319.000000
130569.000000
130819.000000
131074.000000
131327.000000
131585.000000
131852.000000
132123.000000
132382.000000
132630.000000
132884.000000
133133.000000
133391.000000
133663.000000
133934.000000
134198.000000
134465.000000
134738.000000
134991.000000
135244.000000
135505.000000
135781.000000
136062.000000
136351.000000
136631.000000
136900.000000
137171.000000
137450.000000
137730.000000
138009.000000
138305.000000
138600.000000
138889.000000
139165.000000
139441.000000
139720.000000
140011.000000
140303.000000
140600.000000
140882.000000
141153.000000
141424.000000
141685.000000
141944.000000
142208.000000
142480.000000
142748.000000
143011.000000
143266.000000
143516.000000
143767.000000
144026.000000
144287.000000
144558.000000
144833.000000
145112.000000
145382.000000
145648.000000
145903.000000
146171.000000
146446.000000
146738.000000
147014.000000
147291.000000
147566.000000
147833.000000
148100.000000
148365.000000
148638.000000
148917.000000
149205.000000
149489.000000
149770.000000
150031.000000
150304.000000
150576.000000
150850.000000
151123.000000
151408.000000
151701.000000
151975.000000
152238.000000
152511.000000
152782.000000
153068.000000
153363.000000
153645.000000
153923.000000
154194.000000
154471.000000
154742.000000
155010.000000
155292.000000
155589.000000
155865.000000
156133.000000
156396.000000
156649.000000
156907.000000
157169.000000
157431.000000
157696.000000
157961.000000
158234.000000
158490.000000
158730.000000
158975.000000
159226.000000
159480.000000
159739.000000
160002.000000
160261.000000
160508.000000
160756.000000
161006.000000
161255.000000
161500.000000
161765.000000
162036.000000
162309.000000
162574.000000
162836.000000
163094.000000
163363.000000
163630.000000
163900.000000
164183.000000
164462.000000
164732.000000
164992.000000
165247.000000
165500.000000
165757.000000
166033.000000
166302.000000
166571.000000
166843.000000
167112.000000
167372.000000
167642.000000
167913.000000
168192.000000
168485.000000
168785.000000
169075.000000
169350.000000
169630.000000
169908.000000
170202.000000
170496.000000
170720.000000
171075.000000
171373.000000
171653.000000
171922.000000
172200.000000
172482.000000
172777.000000
173068.000000
173353.000000
173630.000000
173908.000000
174177.000000
174452.000000
174738.000000
175024.000000
175324.000000
175610.000000
175878.000000
176146.000000
176428.000000
176699.000000
176976.000000
177249.000000
177524.000000
177798.000000
178060.000000
178317.000000
178579.000000
178842.000000
179118.000000
179389.000000
179663.000000
179928.000000
180183.000000
180445.000000
180706.000000
180965.000000
181237.000000
181524.000000
181812.000000
182085.000000
182355.000000
182625.000000
182897.000000
183182.000000
183476.000000
183779.000000
184072.000000
184362.000000
184650.000000
184934.000000
185214.000000
185511.000000
185829.000000
186138.000000
186429.000000
186718.000000
187006.000000
187292.000000
187578.000000
187873.000000
188180.000000
188482.000000
188764.000000
189044.000000
189331.000000
189625.000000
189930.000000
190229.000000
190530.000000
190821.000000
191113.000000
191396.000000
191675.000000
191978.000000
192282.000000
192576.000000
192863.000000
193147.000000
193424.000000
193704.000000
193995.000000
194282.000000
194575.000000
194869.000000
195157.000000
195427.000000
195702.000000
195979.000000
196270.000000
196561.000000
196848.000000
197133.000000
197415.000000
197686.000000
197951.000000
198225.000000
198505.000000
198793.000000
199076.000000
199354.000000
199620.000000
199895.000000
200162.000000
200435.000000
200715.000000
200994.000000
201272.000000
201546.000000
201807.000000
202068.000000
202340.000000
202615.000000
202897.000000
203183.000000
203469.000000
203742.000000
204022.000000
204300.000000
204575.000000
204855.000000
205160.000000
205460.000000
205738.000000
206017.000000
206289.000000
206568.000000
206845.000000
207131.000000
207422.000000
207725.000000
208005.000000
208279.000000
208549.000000
208823.000000
209101.000000
209393.000000
209684.000000
209974.000000
210257.000000
210535.000000
210810.000000
211086.000000
211365.000000
211655.000000
211952.000000
212229.000000
212503.000000
212779.000000
213059.000000
213328.000000
213608.000000
213895.000000
214182.000000
214466.000000
214739.000000
215006.000000
215281.000000
215564.000000
215851.000000
216142.000000
216432.000000
216711.000000
216991.000000
217270.000000
217548.000000
217825.000000
218123.000000
218417.000000
218704.000000
218973.000000
219247.000000
219530.000000
219814.000000
220100.000000
220392.000000
220692.000000
220978.000000
221253.000000
221528.000000
221805.000000
222082.000000
222376.000000
222667.000000
222952.000000
223228.000000
223508.000000
223784.000000
224048.000000
224329.000000
224622.000000
224916.000000
225196.000000
225473.000000
225744.000000
226025.000000
226297.000000
226574.000000
226864.000000
227145.000000
227428.000000
227703.000000
227976.000000
228239.000000
228517.000000
228809.000000
229095.000000
229377.000000
229661.000000
229937.000000
230215.000000
230486.000000
230762.000000
231059.000000
231358.000000
231639.000000
231914.000000
232191.000000
232461.000000
232733.000000
233017.000000
233302.000000
233589.000000
233876.000000
234152.000000
234416.000000
234685.000000
234960.000000
235250.000000
235548.000000
235829.000000
236109.000000
236391.000000
236665.000000
236928.000000
237206.000000
237496.000000
237784.000000
238071.000000
238344.000000
238611.000000
238885.000000
239158.000000
239434.000000
239718.000000
239997.000000
240268.000000
240542.000000
240810.000000
241066.000000
241319.000000
241589.000000
241856.000000
242115.000000
242374.000000
242633.000000
242880.000000
243133.000000
243389.000000
243644.000000
243909.000000
244192.000000
244462.000000
244730.000000
244985.000000
245247.000000
245516.000000
245792.000000
246067.000000
246353.000000
246648.000000
246936.000000
247202.000000
247470.000000
247743.000000
248019.000000
248301.000000
248588.000000
248879.000000
249159.000000
249434.000000
249707.000000
249989.000000
250274.000000
250558.000000
250859.000000
251161.000000
251442.000000
251711.000000
251995.000000
252286.000000
252585.000000
252869.000000
253160.000000
253456.000000
253742.000000
254011.000000
254283.000000
254586.000000
254892.000000
255171.000000
255454.000000
255739.000000
256028.000000
256296.000000
256573.000000
256861.000000
257158.000000
257441.000000
257711.000000
257967.000000
258227.000000
258479.000000
258738.000000
259006.000000
259281.000000
259542.000000
259812.000000
260077.000000
260335.000000
260586.000000
260853.000000
261133.000000
261418.000000
261691.000000
261969.000000
262242.000000
262517.000000
262790.000000
263063.000000
263351.000000
263642.000000
263932.000000
264218.000000
264500.000000
264773.000000
265063.000000
265355.000000
265652.000000
265948.000000
266239.000000
266529.000000
266816.000000
267100.000000
267377.000000
267680.000000
267979.000000
268261.000000
268546.000000
268824.000000
269103.000000
269385.000000
269671.000000
269961.000000
270258.000000
270551.000000
270822.000000
271095.000000
271371.000000
271657.000000
271954.000000
272245.000000
272534.000000
272840.000000
273124.000000
273395.000000
273676.000000
273968.000000
274265.000000
274562.000000
274853.000000
275132.000000
275404.000000
275672.000000
275950.000000
276236.000000
276517.000000
276805.000000
277103.000000
277389.000000
277650.000000
277924.000000
278212.000000
278519.000000
278815.000000
279099.000000
279383.000000
279576.000000
279919.000000
280210.000000
280512.000000
280815.000000
281111.000000
281403.000000
281683.000000
281956.000000
282233.000000
282514.000000
282803.000000
283097.000000
283390.000000
283673.000000
283945.000000
284217.000000
284492.000000
284779.000000
285074.000000
285364.000000
285654.000000
285937.000000
286211.000000
286487.000000
286764.000000
287052.000000
287354.000000
287656.000000
287945.000000
288226.000000
288507.000000
288794.000000
289077.000000
289374.000000
289668.000000
289972.000000
290258.000000
290539.000000
290814.000000
291110.000000
291408.000000
291697.000000
291991.000000
292282.000000
292567.000000
292845.000000
293124.000000
293412.000000
293713.000000
294012.000000
294297.000000
294582.000000
294858.000000
295143.000000
295422.000000
295718.000000
296014.000000
296320.000000
296612.000000
296890.000000
297170.000000
297451.000000
297739.000000
298033.000000
298335.000000
298628.000000
298921.000000
299207.000000
299484.000000
299757.000000
300053.000000
300361.000000
300663.000000
300941.000000
301212.000000
301495.000000
301782.000000
302064.000000
302348.000000
302645.000000
302948.000000
303241.000000
303504.000000
303774.000000
304066.000000
304362.000000
304640.000000
304924.000000
305212.000000
305498.000000
305710.000000
306036.000000
306338.000000
306642.000000
306944.000000
307235.000000
307515.000000
307746.000000
308064.000000
308350.000000
308626.000000
308913.000000
309217.000000
309516.000000
309781.000000
310053.000000
310333.000000
310627.000000
310915.000000
311200.000000
311489.000000
311784.000000
312063.000000
312329.000000
312606.000000
312826.000000
313194.000000
313509.000000
313809.000000
314091.000000
314374.000000
314665.000000
314953.000000
315246.000000
315542.000000
315844.000000
316136.000000
316416.000000
316694.000000
316981.000000
317267.000000
317561.000000
317786.000000
318146.000000
318439.000000
318730.000000
319012.000000
319224.000000
319587.000000
319905.000000
320206.000000
320494.000000
320787.000000
321073.000000
321373.000000
321664.000000
321969.000000
322276.000000
322574.000000
322857.000000
323139.000000
323426.000000
323731.000000
324046.000000
324342.000000
324642.000000
324931.000000
325216.000000
325496.000000
325784.000000
326089.000000
326397.000000
326699.000000
326988.000000
327277.000000
327567.000000
327859.000000
328150.000000
328453.000000
328754.000000
329057.000000
329340.000000
329620.000000
329913.000000
330217.000000
330525.000000
330820.000000
331125.000000
331412.000000
331705.000000
331990.000000
332280.000000
332589.000000
332898.000000
333200.000000
333480.000000
333769.000000
334057.000000
334349.000000
334644.000000
334944.000000
335249.000000
335544.000000
335824.000000
336101.000000
336386.000000
336680.000000
336980.000000
337282.000000
337572.000000
337863.000000
338146.000000
338433.000000
338721.000000
339026.000000
339328.000000
339635.000000
339927.000000
340206.000000
340493.000000
340781.000000
341076.000000
341380.000000
341685.000000
341975.000000
342267.000000
342548.000000
342823.000000
343116.000000
343410.000000
343706.000000
343996.000000
344280.000000
344557.000000
344844.000000
345130.000000
345416.000000
345724.000000
346018.000000
346309.000000
346597.000000
346805.000000
347148.000000
347455.000000
347760.000000
348064.000000
348368.000000
348659.000000
348936.000000
349222.000000
349503.000000
349805.000000
350113.000000
350411.000000
350693.000000
350981.000000
351266.000000
351482.000000
351821.000000
352116.000000
352417.000000
352712.000000
352988.000000
353258.000000
353549.000000
353833.000000
354129.000000
354427.000000
354718.000000
355016.000000
355303.000000
355580.000000
355859.000000
356166.000000
356464.000000
356759.000000
357046.000000
357329.000000
357611.000000
357901.000000
358187.000000
358483.000000
358789.000000
359087.000000
359366.000000
359635.000000
359904.000000
360183.000000
360472.000000
360764.000000
361052.000000
361344.000000
361626.000000
361895.000000
362163.000000
362452.000000
362733.000000
363027.000000
363319.000000
363607.000000
363879.000000
364159.000000
364447.000000
364732.000000
365023.000000
365331.000000
365641.000000
365915.000000
366192.000000
366483.000000
366779.000000
367064.000000
367364.000000
367675.000000
367961.000000
368248.000000
368532.000000
368825.000000
369111.000000
369411.000000
369716.000000
370011.000000
370280.000000
370558.000000
370843.000000
371132.000000
371407.000000
371704.000000
372008.000000
372300.000000
372558.000000
372835.000000
373125.000000
373429.000000
373713.000000
374001.000000
374304.000000
374596.000000
374856.000000
375125.000000
375413.000000
375716.000000
375999.000000
376288.000000
376577.000000
376862.000000
377082.000000
377405.000000
377701.000000
378006.000000
378309.000000
378609.000000
378887.000000
379160.000000
379441.000000
379732.000000
380024.000000
380313.000000
380611.000000
380899.000000
381174.000000
381453.000000
381725.000000
382015.000000
382309.000000
382609.000000
382896.000000
383184.000000
383458.000000
383744.000000
384028.000000
384318.000000
384616.000000
384916.000000
385206.000000
385488.000000
385770.000000
386051.000000
386350.000000
386650.000000
386942.000000
387242.000000
387534.000000
387812.000000
388085.000000
388374.000000
388673.000000
388980.000000
389278.000000
389564.000000
389861.000000
390150.000000
390435.000000
390731.000000
391040.000000
391345.000000
391642.000000
391925.000000
392205.000000
392494.000000
392781.000000
393078.000000
393378.000000
393675.000000
393958.000000
394244.000000
394520.000000
394802.000000
395097.000000
395402.000000
395698.000000
395990.000000
396269.000000
396554.000000
396846.000000
397135.000000
397336.000000
397705.000000
398008.000000
398295.000000
398570.000000
398854.000000
399140.000000
399437.000000
399731.000000
400024.000000
400323.000000
400600.000000
400878.000000
401164.000000
401454.000000
401758.000000
402062.000000
402362.000000
402647.000000
402934.000000
403216.000000
403510.000000
403806.000000
404101.000000
404404.000000
404698.000000
404981.000000
405256.000000
405544.000000
405837.000000
406132.000000
406426.000000
406716.000000
407006.000000
407289.000000
407560.000000
407850.000000
408152.000000
408453.000000
408747.000000
409031.000000
409315.000000
409598.000000
409882.000000
410178.000000
410478.000000
410782.000000
411072.000000
411353.000000
411633.000000
411916.000000
412207.000000
412513.000000
412818.000000
413110.000000
413403.000000
413693.000000
413970.000000
414250.000000
414542.000000
414848.000000
415144.000000
415431.000000
415704.000000
415995.000000
416276.000000
416556.000000
416850.000000
417153.000000
417446.000000
417729.000000
418008.000000
418285.000000
418578.000000
418867.000000
419156.000000
419454.000000
419746.000000
420023.000000
420303.000000
420584.000000
420874.000000
421174.000000
421475.000000
421767.000000
421995.000000
422321.000000
422604.000000
422819.000000
423165.000000
423463.000000
423768.000000
424065.000000
424341.000000
424617.000000
424894.000000
425189.000000
425492.000000
425790.000000
426079.000000
426381.000000
426662.000000
426939.000000
427226.000000
427524.000000
427829.000000
428130.000000
428414.000000
428699.000000
428993.000000
429277.000000
429559.000000
429868.000000
430166.000000
430471.000000
430755.000000
431035.000000
431316.000000
431616.000000
431911.000000
432210.000000
432510.000000
432800.000000
433083.000000
433365.000000
433649.000000
433842.000000
434212.000000
434514.000000
434811.000000
435097.000000
435371.000000
435659.000000
435952.000000
436150.000000
436513.000000
436821.000000
437119.000000
437401.000000
437683.000000
437966.000000
438269.000000
438571.000000
438866.000000
439159.000000
439455.000000
439741.000000
440024.000000
440313.000000
440623.000000
440935.000000
441232.000000
441519.000000
441815.000000
442110.000000
442407.000000
442624.000000
442993.000000
443306.000000
443607.000000
443889.000000
444176.000000
444474.000000
444706.000000
445061.000000
445363.000000
445659.000000
445949.000000
446227.000000
446508.000000
446801.000000
447105.000000
447403.000000
447696.000000
447981.000000
448265.000000
448549.000000
448835.000000
449138.000000
449442.000000
449749.000000
450038.000000
450326.000000
450608.000000
450896.000000
451194.000000
451502.000000
451807.000000
452102.000000
452391.000000
452679.000000
452960.000000
453251.000000
453546.000000
453853.000000
454155.000000
454445.000000
454652.000000
454998.000000
455294.000000
455589.000000
455889.000000
456190.000000
456488.000000
456772.000000
457046.000000
457334.000000
457635.000000
457938.000000
458169.000000
458525.000000
458817.000000
459104.000000
459381.000000
459665.000000
459967.000000
460276.000000
460572.000000
460859.000000
461150.000000
461434.000000
461722.000000
462015.000000
462315.000000
462622.000000
462920.000000
463198.000000
463482.000000
463766.000000
464050.000000
464362.000000
464665.000000
464961.000000
465258.000000
465539.000000
465821.000000
466105.000000
466405.000000
466708.000000
467011.000000
467309.000000
467590.000000
467879.000000
468165.000000
468460.000000
468763.000000
469066.000000
469364.000000
469661.000000
469943.000000
470232.000000
470531.000000
470838.000000
471140.000000
471445.000000
471728.000000
472020.000000
472305.000000
472590.000000
472888.000000
473202.000000
473499.000000
473793.000000
474075.000000
474363.000000
474653.000000
474943.000000
475238.000000
475548.000000
475852.000000
476137.000000
476418.000000
476707.000000
477001.000000
477308.000000
477605.000000
477899.000000
478196.000000
478482.000000
478758.000000
479041.000000
479333.000000
479634.000000
479932.000000
480219.000000
480495.000000
480780.000000
481058.000000
481341.000000
481642.000000
481942.000000
482240.000000
482526.000000
482802.000000
483072.000000
483351.000000
483635.000000
483932.000000
484221.000000
484508.000000
484787.000000
485074.000000
485353.000000
485642.000000
485940.000000
486254.000000
486558.000000
486845.000000
487130.000000
487425.000000
487720.000000
488019.000000
488321.000000
488636.000000
488932.000000
489215.000000
489498.000000
489790.000000
490091.000000
490394.000000
490696.000000
490995.000000
491288.000000
491571.000000
491851.000000
492146.000000
492446.000000
492751.000000
493047.000000
493341.000000
493624.000000
493915.000000
494200.000000
494492.000000
494791.000000
495086.000000
495371.000000
495650.000000
495926.000000
496202.000000
496501.000000
496713.000000
497075.000000
497378.000000
497666.000000
497946.000000
498231.000000
498518.000000
498813.000000
499115.000000
499418.000000
499702.000000
499988.000000
500269.000000
500550.000000
500848.000000
501146.000000
501449.000000
501746.000000
502040.000000
502317.000000
502602.000000
502889.000000
503192.000000
503498.000000
503795.000000
504081.000000
504374.000000
504655.000000
504937.000000
505228.000000
505529.000000
505831.000000
506126.000000
506399.000000
506680.000000
506970.000000
507257.000000
507553.000000
507856.000000
508161.000000
508456.000000
508745.000000
509020.000000
509320.000000
509624.000000
509924.000000
510221.000000
510521.000000
510805.000000
511094.000000
511372.000000
511661.000000
511972.000000
512278.000000
512568.000000
512852.000000
513136.000000
513425.000000
513720.000000
514015.000000
514319.000000
514629.000000
514920.000000
515195.000000
515477.000000
515763.000000
516066.000000
516372.000000
516668.000000
516971.000000
517267.000000
517554.000000
517833.000000
518128.000000
518428.000000
518735.000000
519029.000000
519308.000000
519595.000000
519883.000000
520150.000000
520464.000000
520769.000000
520983.000000
521343.000000
521629.000000
521914.000000
522210.000000
522512.000000
522816.000000
523117.000000
523417.000000
523709.000000
524000.000000
524280.000000
524578.000000
524891.000000
525199.000000
525493.000000
525781.000000
526065.000000
526357.000000
526647.000000
526942.000000
527244.000000
527550.000000
527839.000000
528119.000000
528403.000000
528690.000000
528992.000000
529294.000000
529600.000000
529898.000000
530192.000000
530472.000000
530763.000000
531059.000000
531359.000000
531669.000000
531968.000000
532258.000000
532545.000000
532829.000000
533123.000000
533417.000000
533720.000000
534013.000000
534308.000000
534593.000000
534874.000000
535162.000000
535460.000000
535769.000000
536068.000000
536366.000000
536646.000000
536931.000000
537213.000000
537506.000000
537811.000000
538116.000000
538422.000000
538708.000000
538994.000000
539279.000000
539576.000000
539875.000000
540173.000000
540473.000000
540769.000000
541053.000000
541335.000000
541617.000000
541917.000000
542227.000000
542530.000000
542826.000000
543117.000000
543408.000000
543690.000000
543984.000000
544287.000000
544591.000000
544896.000000
545183.000000
545456.000000
545742.000000
546023.000000
546307.000000
546600.000000
546775.000000
547200.000000
547483.000000
547759.000000
548033.000000
548335.000000
548633.000000
548927.000000
549218.000000
549503.000000
549785.000000
550071.000000
550350.000000
550640.000000
550953.000000
551254.000000
551533.000000
551816.000000
552097.000000
552386.000000
552681.000000
552976.000000
553283.000000
553589.000000
553877.000000
554155.000000
554440.000000
554724.000000
555028.000000
555325.000000
555614.000000
555915.000000
556204.000000
556487.000000
556766.000000
557057.000000
557362.000000
557669.000000
557963.000000
558239.000000
558528.000000
558814.000000
559104.000000
559396.000000
559696.000000
559999.000000
560296.000000
560577.000000
560847.000000
561142.000000
561436.000000
561733.000000
562020.000000
562309.000000
562593.000000
562813.000000
563142.000000
563425.000000
563732.000000
564031.000000
564321.000000
564602.000000
564884.000000
565165.000000
565454.000000
565742.000000
566042.000000
566260.000000
566617.000000
566900.000000
567186.000000
567380.000000
567722.000000
568028.000000
568327.000000
568625.000000
568920.000000
569205.000000
569483.000000
569764.000000
570059.000000
570367.000000
570669.000000
570958.000000
571247.000000
571539.000000
571832.000000
572123.000000
572429.000000
572731.000000
573041.000000
573329.000000
573609.000000
573894.000000
574194.000000
574431.000000
574787.000000
575096.000000
575388.000000
575679.000000
575960.000000
576249.000000
576552.000000
576864.000000
577163.000000
577457.000000
577742.000000
578026.000000
578311.000000
578601.000000
578902.000000
579205.000000
579449.000000
579791.000000
580075.000000
580358.000000
580649.000000
580948.000000
581247.000000
581544.000000
581835.000000
582120.000000
582396.000000
582669.000000
582920.000000
583240.000000
583540.000000
583822.000000
584099.000000
584364.000000
584636.000000
584904.000000
585176.000000
585455.000000
585732.000000
586012.000000
586276.000000
586526.000000
586772.000000
587031.000000
587300.000000
587573.000000
587844.000000
588114.000000
588378.000000
588644.000000
588907.000000
589178.000000
589455.000000
589748.000000
590041.000000
590317.000000
590589.000000
590864.000000
591145.000000
591418.000000
591708.000000
592000.000000
592289.000000
592573.000000
592854.000000
593069.000000
593388.000000
593684.000000
593991.000000
594281.000000
594564.000000
594856.000000
595128.000000
595403.000000
595691.000000
595993.000000
596279.000000
596585.000000
596880.000000
597137.000000
597403.000000
597671.000000
597926.000000
598187.000000
598459.000000
598714.000000
598970.000000
599223.000000
599469.000000
599704.000000
599954.000000
600215.000000
600484.000000
600740.000000
601012.000000
601274.000000
601538.000000
601800.000000
602065.000000
602331.000000
602611.000000
602894.000000
603180.000000
603456.000000
603723.000000
603990.000000
604278.000000
604565.000000
604845.000000
605149.000000
605460.000000
605738.000000
606009.000000
606294.000000
606588.000000
606881.000000
607180.000000
607476.000000
607767.000000
608045.000000
608310.000000
608577.000000
608854.000000
609137.000000
609426.000000
609716.000000
609989.000000
610263.000000
610545.000000
610824.000000
611109.000000
611400.000000
611696.000000
611987.000000
612264.000000
612540.000000
612820.000000
613109.000000
613401.000000
613694.000000
613985.000000
614260.000000
614540.000000
614817.000000
615090.000000
615371.000000
615677.000000
615969.000000
616251.000000
616527.000000
616804.000000
617087.000000
617367.000000
617656.000000
617950.000000
618249.000000
618529.000000
618805.000000
619083.000000
619363.000000
619654.000000
619952.000000
620250.000000
620542.000000
620827.000000
621103.000000
621380.000000
621662.000000
621945.000000
622248.000000
622542.000000
622824.000000
623090.000000
623368.000000
623640.000000
623919.000000
624192.000000
624483.000000
624766.000000
625049.000000
625310.000000
625580.000000
625855.000000
626139.000000
626428.000000
626717.000000
627001.000000
627282.000000
627556.000000
627828.000000
628104.000000
628392.000000
628689.000000
628982.000000
629171.000000
629495.000000
629762.000000
630028.000000
630290.000000
630562.000000
630838.000000
631111.000000
631378.000000
631637.000000
631899.000000
632157.000000
632415.000000
632689.000000
632959.000000
633230.000000
633499.000000
633769.000000
634029.000000
634284.000000
634547.000000
634828.000000
635108.000000
635395.000000
635686.000000
635967.000000
636240.000000
636521.000000
636812.000000
637106.000000
637400.000000
637705.000000
637998.000000
638284.000000
638561.000000
638847.000000
639141.000000
639447.000000
639745.000000
640040.000000
640330.000000
640616.000000
640901.000000
641179.000000
641481.000000
641778.000000
642066.000000
642338.000000
642615.000000
642888.000000
643165.000000
643440.000000
643722.000000
644006.000000
644288.000000
644549.000000
644808.000000
645064.000000
645322.000000
645582.000000
645864.000000
646133.000000
646394.000000
646659.000000
646917.000000
647169.000000
647415.000000
647673.000000
647935.000000
648205.000000
648478.000000
648734.000000
648979.000000
649233.000000
649485.000000
649735.000000
649992.000000
